9997
9986
9984
9983
9980
9972
9969
9966
9963
9959
9954
9931
9929
9921
9919
9916
9909
9891
9871
9867
9865
9862
9858
9806
9803
9790
9790
9788
9771
9765
9740
9737
9721
9708
9707
9695
9681
9636
9620
9564
9531
9522
9512
9496
9494
9493
9490
9485
9485
9481
9475
9468
9459
9452
9451
9440
9440
9440
9435
9431
9424
9423
9402
9394
9394
9390
9366
9363
9352
9348
9338
9330
9301
9296
9290
9257
9254
9248
9247
9237
9214
9194
9181
9178
9173
9160
9131
9125
9124
9121
9119
9113
9109
9070
9057
9041
9038
9029
9004
9001
8997
8980
8979
8979
8979
8972
8953
8947
8929
8916
8912
8888
8865
8839
8837
8809
8798
8791
8781
8767
8765
8759
8707
8705
8704
8703
8692
8690
8655
8641
8634
8624
8617
8617
8611
8591
8583
8579
8579
8578
8566
8563
8559
8553
8551
8536
8536
8526
8512
8506
8499
8497
8492
8487
8477
8461
8443
8416
8409
8398
8378
8353
8333
8311
8304
8274
8274
8273
8264
8259
8250
8244
8235
8233
8227
8221
8219
8209
8207
8200
8198
8194
8193
8185
8184
8162
8154
8148
8144
8140
8135
8127
8110
8105
8098
8079
8075
8068
8065
8049
8043
8007
7986
7976
7953
7922
7919
7891
7886
7883
7882
7868
7856
7852
7850
7847
7847
7832
7819
7805
7778
7775
7747
7745
7744
7729
7719
7702
7700
7685
7672
7666
7662
7652
7635
7631
7623
7603
7592
7584
7583
7581
7564
7545
7544
7544
7543
7528
7511
7507
7503
7473
7467
7466
7464
7454
7430
7425
7422
7416
7413
7412
7409
7399
7393
7376
7338
7323
7305
7293
7280
7279
7262
7259
7249
7240
7209
7198
7198
7194
7193
7186
7184
7172
7171
7170
7155
7133
7133
7127
7115
7115
7112
7073
7071
7069
7066
7060
7055
7039
7023
7015
7014
7008
6989
6985
6976
6951
6946
6944
6940
6937
6933
6930
6930
6904
6855
6828
6794
6791
6786
6771
6745
6728
6727
6707
6690
6681
6671
6668
6651
6649
6645
6640
6639
6636
6618
6594
6584
6577
6557
6554
6542
6533
6532
6531
6509
6475
6463
6453
6425
6421
6419
6409
6388
6370
6306
6297
6290
6277
6275
6269
6264
6258
6258
6238
6233
6217
6204
6190
6187
6186
6178
6163
6159
6153
6145
6139
6126
6123
6115
6114
6112
6109
6104
6096
6074
6070
6070
6068
6059
6049
6045
6013
6011
6006
5991
5983
5982
5970
5944
5937
5925
5879
5871
5867
5822
5820
5811
5789
5780
5767
5758
5756
5751
5748
5741
5740
5738
5735
5683
5674
5665
5662
5651
5638
5630
5628
5618
5615
5606
5585
5584
5575
5529
5519
5493
5486
5464
5454
5449
5447
5404
5397
5339
5335
5316
5315
5302
5298
5291
5289
5278
5276
5275
5270
5268
5268
5267
5261
5256
5247
5205
5191
5186
5185
5184
5181
5155
5149
5136
5135
5134
5105
5101
5100
5095
5090
5082
5077
5076
5075
5069
5023
5017
5015
5013
5013
5007
4986
4986
4981
4980
4975
4974
4967
4963
4963
4957
4929
4901
4885
4882
4879
4877
4874
4866
4860
4850
4849
4846
4828
4816
4812
4805
4791
4789
4768
4760
4759
4751
4744
4727
4724
4704
4677
4677
4677
4671
4670
4660
4652
4651
4639
4635
4630
4622
4606
4552
4544
4525
4519
4516
4504
4501
4482
4472
4471
4471
4463
4451
4447
4440
4440
4439
4403
4397
4392
4372
4368
4364
4356
4341
4340
4338
4318
4318
4302
4287
4272
4267
4256
4245
4243
4238
4225
4217
4211
4204
4199
4181
4170
4168
4152
4133
4124
4098
4097
4077
4072
4060
4060
4056
4054
4054
4048
4005
3995
3983
3981
3959
3957
3951
3949
3934
3934
3932
3920
3902
3872
3871
3862
3845
3841
3839
3828
3814
3805
3801
3788
3778
3768
3754
3746
3730
3719
3710
3705
3689
3689
3679
3666
3642
3633
3618
3586
3580
3578
3569
3565
3543
3540
3535
3529
3521
3501
3448
3441
3434
3427
3400
3375
3334
3332
3304
3286
3281
3273
3267
3252
3248
3247
3245
3228
3226
3222
3211
3206
3200
3179
3173
3150
3138
3132
3129
3124
3097
3072
3063
3040
3037
3011
3008
2990
2988
2985
2984
2983
2969
2953
2950
2939
2931
2889
2877
2854
2841
2822
2787
2748
2741
2728
2723
2716
2689
2689
2687
2685
2680
2679
2674
2668
2660
2651
2642
2637
2592
2589
2587
2554
2544
2543
2529
2524
2502
2492
2486
2475
2458
2450
2448
2436
2428
2423
2412
2410
2405
2397
2394
2390
2372
2372
2341
2317
2310
2305
2302
2294
2281
2280
2277
2267
2260
2256
2226
2212
2168
2155
2150
2147
2136
2123
2123
2120
2120
2116
2114
2100
2099
2096
2088
2083
2082
2071
2067
2063
2063
2047
2029
2022
2015
1983
1967
1956
1945
1944
1933
1928
1919
1911
1902
1886
1870
1845
1799
1786
1782
1781
1779
1767
1767
1757
1742
1734
1720
1718
1708
1691
1683
1675
1663
1658
1636
1626
1612
1609
1597
1596
1589
1574
1569
1567
1565
1564
1559
1558
1554
1548
1528
1507
1499
1499
1496
1478
1474
1448
1441
1440
1423
1409
1404
1367
1364
1357
1339
1333
1330
1316
1314
1307
1306
1295
1279
1274
1264
1259
1257
1254
1246
1222
1210
1209
1208
1201
1195
1174
1164
1160
1145
1132
1122
1113
1112
1108
1091
1074
1072
1064
1060
1055
1055
1051
1048
1037
1035
1009
976
975
940
935
932
916
913
886
886
884
884
870
856
854
847
834
827
813
804
804
771
767
758
735
730
696
683
672
662
655
654
653
652
647
639
623
609
608
607
599
598
575
561
560
559
559
548
529
520
508
504
495
494
484
484
478
477
464
461
428
423
422
422
418
410
406
397
385
379
371
367
350
347
342
333
323
307
303
299
298
293
286
284
274
269
264
242
242
237
220
204
202
198
195
187
176
159
158
148
134
132
132
128
125
121
116
112
99
97
92
67
32
23
0
