9999
9998
9997
9997
9996
9996
9996
9995
9994
9994
9992
9991
9989
9988
9987
9986
9986
9984
9984
9984
9984
9983
9983
9980
9979
9979
9978
9975
9975
9973
9972
9972
9972
9971
9971
9969
9969
9968
9966
9966
9966
9965
9964
9964
9963
9963
9960
9959
9958
9958
9958
9958
9957
9957
9956
9955
9955
9954
9950
9950
9950
9950
9948
9947
9947
9947
9947
9945
9945
9945
9944
9943
9942
9941
9940
9934
9933
9932
9931
9931
9931
9929
9929
9927
9925
9925
9924
9922
9922
9921
9920
9920
9919
9919
9918
9918
9917
9916
9916
9916
9913
9913
9913
9912
9911
9910
9909
9907
9906
9904
9903
9903
9901
9900
9900
9900
9897
9897
9895
9894
9893
9892
9891
9891
9891
9890
9889
9888
9887
9885
9884
9883
9883
9878
9878
9877
9875
9875
9875
9872
9871
9871
9871
9871
9871
9870
9869
9868
9867
9867
9867
9867
9865
9864
9863
9862
9862
9860
9858
9858
9858
9857
9856
9856
9854
9853
9852
9852
9851
9851
9846
9845
9843
9843
9842
9841
9839
9838
9838
9838
9835
9832
9831
9828
9828
9827
9826
9826
9825
9824
9824
9824
9821
9820
9820
9818
9817
9817
9816
9816
9815
9815
9815
9814
9813
9812
9812
9811
9810
9810
9808
9806
9806
9803
9803
9802
9800
9798
9798
9796
9796
9795
9794
9794
9794
9794
9790
9790
9790
9789
9788
9788
9787
9787
9783
9782
9780
9780
9779
9778
9777
9776
9773
9772
9771
9769
9768
9768
9768
9765
9765
9764
9760
9760
9759
9756
9756
9754
9754
9754
9753
9753
9753
9753
9752
9750
9748
9748
9747
9747
9747
9746
9746
9745
9745
9745
9740
9739
9738
9738
9737
9737
9737
9736
9735
9733
9733
9732
9732
9727
9725
9724
9721
9720
9719
9718
9715
9715
9715
9715
9713
9712
9712
9712
9711
9711
9710
9708
9708
9708
9707
9707
9707
9706
9706
9705
9705
9704
9703
9702
9701
9701
9700
9699
9699
9695
9695
9693
9693
9692
9692
9690
9690
9689
9688
9686
9685
9681
9680
9679
9679
9679
9677
9677
9677
9676
9675
9670
9661
9660
9659
9659
9658
9656
9655
9654
9653
9649
9648
9648
9648
9646
9642
9642
9639
9637
9637
9636
9636
9634
9632
9632
9631
9631
9630
9630
9630
9630
9630
9628
9628
9627
9626
9625
9625
9624
9623
9622
9621
9620
9619
9619
9619
9617
9616
9616
9616
9616
9614
9613
9610
9610
9608
9607
9607
9605
9605
9605
9601
9600
9600
9599
9599
9599
9599
9599
9598
9597
9596
9595
9595
9594
9592
9592
9591
9591
9589
9589
9589
9588
9586
9586
9585
9585
9584
9581
9576
9575
9575
9572
9569
9569
9569
9568
9567
9566
9564
9562
9559
9558
9558
9556
9555
9555
9555
9554
9554
9552
9552
9550
9550
9549
9547
9547
9546
9546
9545
9544
9543
9541
9540
9539
9536
9535
9535
9532
9532
9531
9529
9528
9526
9524
9524
9522
9522
9516
9514
9513
9512
9512
9512
9511
9510
9509
9507
9505
9505
9504
9503
9501
9501
9501
9499
9498
9496
9496
9494
9494
9494
9494
9493
9493
9493
9493
9492
9492
9492
9491
9490
9487
9487
9487
9487
9486
9485
9485
9485
9485
9484
9484
9484
9484
9483
9482
9482
9481
9481
9480
9480
9479
9479
9478
9477
9475
9475
9475
9473
9473
9469
9468
9468
9468
9466
9464
9464
9463
9463
9463
9462
9462
9461
9461
9460
9459
9459
9459
9458
9457
9457
9456
9454
9453
9453
9452
9452
9451
9447
9447
9446
9445
9445
9444
9441
9441
9440
9440
9440
9440
9440
9440
9440
9439
9437
9437
9436
9435
9435
9435
9434
9432
9431
9431
9430
9430
9428
9428
9427
9426
9426
9425
9425
9425
9424
9423
9423
9422
9419
9419
9416
9415
9413
9412
9411
9411
9411
9410
9410
9409
9408
9406
9406
9405
9405
9405
9402
9402
9401
9398
9398
9398
9396
9395
9395
9395
9394
9394
9393
9393
9393
9392
9391
9391
9391
9390
9390
9388
9386
9385
9383
9383
9381
9380
9380
9379
9379
9374
9374
9373
9372
9367
9366
9366
9365
9363
9361
9360
9360
9359
9358
9358
9358
9357
9357
9356
9356
9355
9352
9352
9351
9348
9348
9347
9346
9346
9346
9345
9345
9344
9344
9343
9343
9342
9339
9338
9338
9337
9337
9335
9334
9333
9332
9332
9332
9331
9330
9330
9329
9329
9328
9326
9325
9324
9321
9318
9318
9317
9316
9314
9314
9314
9309
9307
9307
9306
9306
9305
9304
9302
9302
9301
9299
9298
9297
9296
9294
9294
9292
9291
9291
9290
9288
9282
9282
9279
9277
9275
9275
9274
9274
9273
9273
9271
9271
9271
9270
9270
9269
9268
9268
9266
9266
9265
9263
9261
9261
9259
9259
9259
9258
9257
9256
9254
9254
9253
9251
9251
9249
9248
9248
9248
9248
9247
9247
9246
9246
9244
9242
9241
9239
9238
9237
9237
9236
9232
9230
9226
9225
9225
9224
9221
9219
9218
9214
9214
9208
9206
9205
9205
9203
9202
9201
9200
9200
9199
9198
9198
9198
9197
9195
9194
9193
9191
9191
9191
9189
9187
9186
9185
9184
9184
9183
9182
9181
9178
9178
9177
9177
9175
9174
9173
9172
9171
9170
9167
9166
9164
9164
9163
9163
9162
9162
9160
9160
9158
9158
9156
9152
9150
9148
9146
9143
9140
9138
9138
9134
9134
9133
9131
9130
9129
9129
9129
9128
9126
9125
9125
9124
9124
9124
9121
9121
9120
9119
9119
9119
9115
9113
9112
9112
9111
9109
9107
9107
9106
9106
9104
9103
9102
9100
9099
9099
9098
9096
9096
9096
9093
9092
9090
9090
9089
9086
9084
9084
9083
9083
9079
9078
9077
9077
9076
9075
9074
9073
9071
9071
9070
9066
9066
9065
9065
9065
9065
9064
9063
9063
9061
9061
9060
9059
9057
9055
9055
9053
9052
9051
9050
9050
9050
9049
9049
9048
9046
9046
9044
9043
9043
9043
9041
9039
9039
9038
9036
9036
9034
9034
9033
9032
9031
9031
9029
9027
9025
9025
9023
9023
9023
9022
9021
9018
9017
9017
9016
9015
9014
9012
9012
9011
9011
9009
9007
9006
9006
9006
9004
9004
9004
9002
9001
8999
8997
8995
8995
8994
8993
8992
8992
8992
8991
8990
8990
8988
8987
8987
8987
8987
8986
8985
8980
8979
8979
8979
8979
8979
8977
8976
8974
8972
8972
8969
8967
8967
8967
8966
8966
8966
8963
8963
8963
8959
8959
8959
8959
8955
8954
8953
8949
8949
8948
8948
8948
8947
8947
8943
8942
8941
8940
8940
8939
8938
8937
8935
8935
8935
8935
8935
8933
8932
8931
8929
8929
8928
8927
8924
8924
8923
8923
8920
8920
8919
8918
8918
8916
8916
8916
8914
8912
8911
8909
8908
8903
8901
8899
8898
8897
8897
8897
8896
8896
8895
8895
8891
8888
8888
8888
8886
8886
8883
8882
8882
8881
8881
8880
8880
8879
8879
8879
8877
8876
8876
8875
8875
8873
8872
8872
8870
8870
8869
8869
8865
8865
8865
8862
8862
8862
8861
8859
8856
8854
8853
8853
8851
8851
8850
8849
8848
8848
8848
8847
8847
8846
8845
8844
8844
8844
8842
8841
8840
8840
8839
8839
8838
8837
8836
8835
8833
8833
8833
8832
8831
8829
8829
8829
8828
8828
8828
8826
8826
8825
8823
8821
8821
8818
8818
8816
8814
8814
8813
8813
8813
8812
8810
8809
8807
8807
8806
8805
8802
8802
8801
8800
8799
8798
8797
8797
8794
8793
8792
8791
8791
8788
8788
8787
8785
8782
8781
8781
8781
8780
8779
8779
8778
8778
8776
8775
8773
8773
8773
8770
8769
8767
8765
8762
8761
8761
8761
8760
8760
8760
8759
8759
8759
8758
8758
8758
8757
8757
8755
8753
8753
8751
8751
8751
8746
8745
8745
8745
8744
8742
8740
8739
8739
8738
8738
8737
8735
8734
8734
8734
8733
8731
8731
8730
8728
8727
8726
8724
8723
8723
8719
8719
8716
8714
8714
8713
8712
8711
8711
8710
8710
8709
8708
8707
8707
8706
8705
8705
8704
8704
8704
8703
8703
8702
8702
8702
8700
8700
8699
8696
8692
8692
8691
8691
8690
8690
8689
8688
8687
8686
8686
8684
8681
8679
8678
8677
8675
8674
8674
8673
8673
8669
8669
8668
8668
8666
8666
8666
8665
8664
8663
8662
8660
8660
8657
8657
8656
8655
8655
8655
8655
8654
8651
8651
8651
8651
8646
8646
8646
8643
8641
8638
8636
8635
8635
8634
8634
8633
8630
8628
8628
8627
8627
8626
8626
8626
8625
8624
8623
8623
8621
8619
8618
8617
8617
8617
8617
8616
8614
8614
8613
8613
8612
8612
8612
8611
8611
8611
8608
8608
8608
8607
8604
8604
8603
8603
8601
8600
8600
8600
8600
8599
8597
8596
8595
8595
8594
8591
8591
8590
8587
8586
8585
8583
8583
8579
8579
8579
8578
8578
8577
8575
8574
8572
8572
8571
8569
8569
8568
8567
8566
8566
8566
8566
8565
8563
8562
8559
8558
8555
8554
8554
8554
8553
8553
8551
8551
8549
8548
8547
8546
8542
8541
8540
8540
8538
8538
8537
8537
8536
8536
8536
8535
8534
8532
8532
8530
8530
8529
8528
8526
8525
8524
8524
8523
8523
8521
8521
8521
8519
8519
8517
8517
8516
8513
8512
8511
8510
8509
8509
8508
8508
8506
8505
8504
8503
8502
8502
8502
8501
8501
8500
8500
8499
8499
8497
8494
8493
8493
8492
8492
8492
8490
8487
8486
8486
8486
8486
8483
8483
8482
8481
8480
8479
8477
8477
8477
8477
8476
8475
8475
8474
8474
8471
8470
8468
8468
8465
8465
8464
8464
8461
8460
8459
8459
8457
8456
8456
8455
8453
8452
8452
8451
8451
8449
8449
8449
8448
8448
8447
8444
8443
8443
8443
8441
8441
8441
8436
8435
8434
8433
8432
8432
8428
8425
8425
8425
8423
8422
8421
8420
8419
8418
8418
8417
8416
8416
8416
8415
8415
8415
8415
8415
8414
8412
8411
8410
8409
8409
8409
8408
8407
8407
8406
8405
8404
8403
8402
8402
8399
8399
8398
8397
8395
8395
8395
8394
8392
8391
8391
8389
8388
8388
8387
8386
8385
8382
8381
8381
8380
8379
8378
8378
8377
8376
8375
8374
8373
8373
8372
8371
8370
8370
8370
8370
8370
8366
8366
8365
8364
8363
8363
8361
8361
8359
8354
8353
8353
8353
8351
8351
8350
8350
8349
8346
8343
8342
8342
8342
8342
8341
8340
8337
8336
8335
8335
8334
8333
8330
8329
8329
8329
8328
8326
8324
8323
8321
8317
8317
8317
8315
8315
8314
8313
8313
8311
8311
8311
8308
8305
8304
8304
8302
8302
8301
8299
8297
8296
8295
8295
8295
8295
8292
8291
8290
8290
8286
8286
8285
8284
8283
8282
8282
8281
8279
8279
8278
8275
8274
8274
8273
8272
8270
8270
8270
8269
8269
8269
8268
8267
8267
8265
8264
8264
8264
8264
8264
8263
8262
8261
8261
8260
8260
8260
8259
8257
8257
8256
8256
8255
8255
8255
8253
8251
8251
8250
8250
8250
8250
8249
8249
8249
8246
8244
8244
8243
8242
8242
8241
8241
8239
8237
8236
8235
8235
8235
8234
8233
8231
8229
8229
8227
8226
8226
8225
8222
8222
8221
8221
8220
8220
8219
8219
8218
8216
8216
8212
8211
8211
8210
8209
8208
8207
8207
8206
8206
8206
8205
8204
8203
8201
8200
8199
8199
8198
8196
8195
8195
8195
8194
8194
8193
8193
8192
8190
8188
8187
8186
8185
8184
8184
8184
8184
8183
8183
8183
8181
8180
8178
8177
8176
8176
8175
8173
8173
8172
8172
8171
8170
8170
8170
8170
8169
8169
8168
8166
8166
8166
8164
8162
8162
8162
8162
8162
8160
8157
8154
8151
8151
8151
8149
8148
8148
8147
8144
8143
8143
8142
8142
8141
8140
8140
8140
8140
8137
8136
8135
8135
8133
8132
8131
8131
8130
8129
8129
8127
8127
8127
8124
8122
8121
8120
8116
8116
8116
8114
8114
8114
8114
8112
8112
8111
8110
8109
8109
8109
8108
8107
8106
8106
8105
8105
8101
8100
8099
8098
8098
8097
8094
8091
8090
8089
8088
8088
8087
8086
8086
8086
8085
8084
8084
8083
8083
8081
8079
8079
8078
8078
8077
8077
8075
8073
8073
8073
8071
8070
8069
8069
8068
8068
8068
8067
8065
8065
8063
8062
8062
8061
8057
8056
8055
8055
8054
8051
8049
8049
8049
8048
8048
8047
8046
8046
8043
8042
8040
8039
8039
8036
8036
8036
8036
8033
8033
8033
8032
8031
8030
8030
8030
8029
8029
8028
8028
8028
8026
8025
8025
8023
8023
8023
8022
8022
8021
8020
8019
8018
8018
8018
8016
8016
8012
8012
8012
8010
8007
8007
8006
8005
8005
8005
8001
7999
7998
7998
7993
7991
7990
7990
7990
7989
7989
7988
7986
7986
7986
7985
7984
7983
7983
7982
7982
7981
7981
7976
7976
7976
7975
7974
7972
7971
7971
7970
7969
7968
7968
7967
7966
7965
7962
7961
7961
7961
7959
7959
7957
7953
7953
7952
7950
7949
7949
7948
7948
7948
7947
7946
7944
7944
7943
7943
7942
7941
7941
7938
7938
7936
7935
7935
7933
7932
7931
7926
7926
7924
7924
7924
7923
7922
7920
7919
7919
7917
7916
7915
7912
7909
7909
7909
7907
7907
7906
7905
7905
7904
7903
7903
7902
7902
7901
7898
7896
7896
7892
7891
7890
7888
7886
7886
7885
7883
7883
7882
7881
7880
7880
7880
7879
7879
7878
7878
7877
7877
7877
7876
7875
7875
7874
7873
7873
7872
7868
7865
7863
7861
7861
7859
7859
7858
7857
7856
7856
7855
7853
7853
7852
7851
7851
7850
7850
7850
7847
7847
7847
7847
7847
7846
7846
7845
7841
7840
7839
7838
7836
7835
7834
7832
7832
7832
7830
7830
7830
7829
7829
7829
7829
7828
7826
7825
7824
7823
7823
7821
7820
7819
7819
7818
7818
7817
7817
7816
7816
7815
7814
7813
7812
7809
7807
7805
7805
7804
7804
7804
7802
7802
7800
7799
7798
7796
7796
7795
7794
7793
7792
7789
7789
7788
7788
7786
7786
7785
7783
7783
7782
7781
7781
7781
7778
7778
7777
7775
7775
7774
7772
7772
7770
7768
7768
7767
7764
7761
7761
7758
7755
7754
7754
7751
7750
7748
7747
7746
7746
7746
7746
7745
7745
7744
7743
7741
7741
7740
7739
7738
7738
7737
7734
7730
7729
7729
7729
7728
7728
7720
7719
7716
7715
7715
7714
7714
7713
7712
7711
7711
7710
7710
7709
7709
7709
7708
7707
7707
7707
7706
7705
7705
7704
7703
7703
7702
7700
7700
7700
7699
7699
7698
7698
7698
7695
7695
7694
7691
7689
7689
7688
7686
7685
7684
7683
7681
7675
7673
7672
7672
7671
7670
7666
7666
7665
7663
7662
7662
7661
7659
7659
7658
7656
7653
7652
7651
7650
7650
7650
7649
7648
7648
7647
7644
7644
7643
7642
7642
7639
7638
7636
7636
7635
7632
7632
7631
7631
7631
7629
7627
7626
7624
7623
7620
7620
7620
7620
7619
7619
7618
7618
7616
7613
7612
7611
7611
7610
7609
7607
7606
7606
7605
7604
7604
7603
7603
7601
7600
7599
7598
7598
7595
7595
7593
7593
7592
7591
7590
7590
7589
7589
7588
7588
7588
7587
7584
7584
7584
7583
7583
7581
7580
7577
7576
7576
7576
7575
7575
7572
7570
7568
7568
7568
7566
7564
7564
7561
7560
7556
7555
7555
7554
7554
7553
7552
7552
7550
7550
7550
7549
7549
7548
7545
7545
7544
7544
7544
7543
7543
7543
7542
7541
7537
7534
7534
7533
7532
7529
7528
7527
7527
7526
7526
7525
7523
7522
7521
7520
7519
7519
7516
7514
7514
7511
7511
7510
7508
7507
7505
7503
7503
7502
7502
7502
7501
7501
7500
7500
7498
7498
7497
7494
7491
7489
7488
7486
7486
7486
7486
7485
7481
7480
7479
7478
7478
7478
7477
7476
7475
7475
7474
7474
7473
7473
7472
7472
7471
7471
7470
7470
7469
7469
7469
7467
7466
7466
7465
7464
7461
7459
7457
7457
7455
7454
7453
7450
7449
7449
7449
7449
7448
7448
7446
7446
7445
7445
7445
7445
7444
7443
7440
7439
7438
7438
7437
7436
7435
7432
7432
7430
7430
7430
7430
7430
7425
7424
7422
7422
7419
7419
7418
7418
7417
7416
7415
7413
7413
7412
7412
7412
7412
7411
7411
7410
7409
7407
7407
7404
7403
7402
7402
7400
7400
7399
7397
7396
7396
7395
7395
7394
7393
7393
7388
7387
7387
7386
7378
7377
7376
7374
7374
7372
7372
7371
7371
7369
7369
7366
7366
7363
7360
7356
7354
7353
7353
7353
7353
7352
7351
7346
7346
7342
7341
7341
7341
7340
7338
7338
7336
7333
7333
7331
7330
7328
7327
7324
7323
7323
7322
7320
7319
7319
7318
7317
7315
7314
7314
7314
7312
7311
7311
7310
7310
7309
7308
7308
7307
7305
7305
7304
7302
7302
7300
7298
7295
7293
7292
7292
7292
7291
7289
7289
7288
7288
7288
7287
7286
7283
7283
7282
7280
7280
7280
7280
7279
7278
7278
7277
7275
7275
7274
7274
7274
7273
7272
7271
7271
7270
7268
7268
7266
7265
7265
7264
7262
7259
7259
7258
7257
7257
7254
7252
7250
7249
7248
7248
7245
7245
7245
7244
7244
7243
7242
7242
7241
7240
7236
7231
7228
7227
7226
7226
7225
7224
7223
7222
7221
7220
7220
7219
7219
7218
7217
7216
7215
7215
7214
7210
7209
7209
7208
7205
7203
7203
7202
7198
7198
7195
7195
7194
7194
7194
7193
7192
7189
7188
7188
7188
7187
7186
7184
7184
7183
7182
7180
7180
7180
7177
7175
7174
7174
7172
7171
7171
7170
7170
7169
7168
7168
7167
7166
7166
7165
7164
7164
7163
7162
7162
7161
7158
7157
7157
7156
7155
7155
7154
7154
7153
7151
7151
7149
7148
7148
7147
7147
7145
7145
7145
7144
7144
7144
7142
7141
7139
7136
7135
7134
7134
7133
7133
7133
7130
7129
7128
7128
7128
7127
7126
7125
7125
7124
7122
7121
7120
7120
7118
7117
7115
7115
7115
7114
7114
7113
7113
7112
7112
7111
7107
7106
7106
7106
7105
7100
7098
7098
7098
7097
7094
7094
7094
7093
7092
7092
7090
7090
7089
7088
7086
7086
7085
7085
7081
7080
7080
7080
7079
7078
7077
7077
7076
7075
7075
7073
7073
7073
7072
7072
7071
7071
7071
7069
7069
7067
7066
7064
7063
7061
7060
7060
7060
7060
7059
7057
7056
7056
7056
7055
7054
7054
7053
7051
7047
7047
7045
7041
7040
7040
7039
7039
7036
7034
7032
7031
7029
7028
7027
7027
7023
7020
7020
7019
7019
7016
7015
7014
7014
7013
7013
7011
7010
7008
7006
7005
7004
7004
7003
7003
7002
7001
7001
7000
6999
6997
6997
6996
6996
6996
6995
6992
6990
6989
6987
6987
6987
6986
6985
6983
6982
6982
6981
6978
6977
6977
6976
6972
6971
6971
6971
6970
6970
6970
6969
6968
6968
6966
6965
6963
6963
6962
6959
6959
6958
6957
6955
6953
6953
6952
6951
6951
6950
6950
6949
6947
6946
6946
6946
6944
6944
6943
6942
6940
6940
6937
6937
6935
6935
6934
6933
6933
6930
6930
6930
6929
6929
6929
6925
6924
6924
6918
6915
6914
6913
6912
6911
6909
6908
6907
6907
6904
6904
6903
6902
6902
6902
6902
6901
6901
6900
6900
6900
6900
6900
6897
6897
6896
6896
6895
6894
6894
6893
6889
6885
6885
6884
6884
6882
6881
6875
6875
6875
6874
6874
6874
6873
6873
6872
6870
6868
6867
6867
6862
6859
6859
6858
6858
6857
6856
6856
6855
6855
6855
6854
6853
6853
6853
6853
6851
6849
6846
6843
6841
6841
6841
6840
6839
6838
6838
6837
6837
6836
6836
6834
6834
6834
6833
6832
6830
6830
6828
6828
6828
6827
6826
6822
6822
6821
6821
6821
6820
6819
6817
6816
6814
6811
6810
6810
6808
6808
6806
6806
6806
6803
6803
6802
6801
6799
6798
6797
6796
6795
6795
6794
6794
6793
6792
6791
6791
6791
6791
6789
6788
6787
6786
6785
6785
6783
6782
6777
6776
6775
6775
6774
6774
6774
6774
6773
6773
6771
6771
6768
6767
6767
6766
6766
6766
6763
6762
6762
6761
6760
6759
6759
6758
6758
6758
6758
6756
6755
6755
6755
6753
6752
6751
6750
6749
6749
6748
6748
6745
6744
6743
6741
6740
6740
6739
6737
6736
6735
6735
6735
6734
6734
6733
6732
6730
6729
6729
6729
6728
6728
6727
6727
6725
6723
6720
6720
6720
6719
6719
6718
6717
6716
6716
6715
6713
6712
6711
6709
6709
6708
6707
6705
6704
6704
6703
6703
6701
6700
6699
6699
6698
6696
6693
6693
6693
6691
6690
6689
6688
6684
6682
6681
6681
6681
6679
6679
6675
6675
6672
6672
6671
6670
6670
6669
6668
6667
6667
6666
6666
6665
6664
6664
6660
6660
6657
6656
6653
6651
6649
6649
6648
6648
6646
6646
6645
6645
6642
6640
6640
6640
6640
6639
6636
6635
6634
6633
6633
6630
6630
6628
6626
6625
6624
6623
6622
6622
6621
6621
6619
6619
6618
6617
6617
6617
6617
6616
6612
6611
6611
6610
6608
6607
6606
6605
6603
6602
6601
6601
6600
6599
6599
6596
6596
6594
6591
6588
6586
6585
6585
6584
6583
6582
6582
6582
6582
6581
6581
6580
6579
6577
6577
6576
6576
6575
6574
6567
6564
6564
6564
6561
6560
6560
6558
6558
6558
6557
6556
6555
6555
6555
6554
6552
6552
6551
6550
6549
6547
6547
6546
6545
6545
6544
6543
6543
6542
6542
6541
6540
6538
6538
6538
6538
6538
6537
6536
6533
6533
6533
6532
6531
6531
6530
6530
6527
6526
6523
6523
6521
6520
6518
6516
6513
6512
6512
6511
6509
6506
6506
6505
6505
6504
6504
6502
6502
6501
6501
6500
6500
6500
6500
6496
6493
6493
6492
6492
6491
6490
6489
6488
6487
6485
6483
6483
6482
6481
6480
6478
6476
6476
6475
6474
6472
6472
6471
6471
6471
6470
6469
6469
6469
6468
6466
6466
6466
6465
6463
6463
6462
6462
6461
6458
6458
6456
6456
6454
6453
6453
6451
6445
6445
6445
6445
6443
6443
6440
6436
6435
6435
6435
6435
6434
6434
6433
6432
6432
6430
6430
6430
6429
6429
6428
6427
6426
6425
6425
6424
6422
6421
6420
6419
6416
6416
6415
6415
6413
6412
6411
6410
6410
6409
6408
6406
6405
6405
6404
6404
6403
6403
6402
6402
6402
6402
6397
6395
6393
6393
6392
6392
6391
6389
6388
6388
6388
6387
6386
6386
6385
6381
6380
6380
6379
6378
6378
6377
6377
6376
6376
6374
6373
6371
6371
6370
6368
6368
6367
6367
6364
6364
6364
6361
6360
6359
6357
6355
6355
6353
6350
6348
6348
6346
6344
6342
6342
6339
6339
6334
6333
6333
6332
6332
6331
6330
6329
6325
6325
6323
6321
6321
6320
6319
6319
6319
6319
6317
6315
6314
6314
6314
6313
6311
6311
6311
6309
6308
6307
6307
6306
6306
6305
6304
6303
6302
6301
6300
6300
6300
6300
6299
6298
6297
6296
6295
6295
6295
6294
6294
6293
6292
6291
6290
6290
6288
6287
6287
6285
6284
6284
6283
6283
6279
6279
6277
6277
6275
6275
6274
6274
6274
6274
6274
6273
6272
6269
6268
6267
6266
6266
6264
6263
6262
6262
6261
6258
6258
6255
6255
6254
6252
6250
6250
6249
6246
6244
6242
6242
6242
6241
6240
6239
6238
6238
6237
6237
6236
6235
6233
6232
6231
6231
6230
6229
6227
6226
6226
6226
6225
6224
6224
6224
6223
6220
6218
6217
6217
6217
6216
6216
6215
6215
6215
6214
6213
6213
6210
6210
6209
6208
6208
6207
6207
6207
6206
6205
6204
6204
6204
6204
6202
6202
6201
6200
6199
6195
6195
6193
6192
6191
6191
6190
6190
6189
6188
6187
6187
6186
6185
6184
6184
6184
6183
6181
6181
6180
6179
6178
6178
6178
6177
6177
6175
6174
6173
6172
6172
6170
6170
6168
6165
6164
6163
6162
6161
6160
6159
6158
6156
6155
6155
6153
6153
6152
6151
6151
6149
6148
6148
6148
6147
6147
6146
6145
6143
6142
6140
6139
6139
6139
6138
6138
6136
6134
6134
6133
6132
6132
6131
6126
6126
6125
6123
6123
6122
6121
6121
6119
6118
6117
6117
6115
6115
6114
6113
6113
6112
6112
6110
6109
6109
6108
6108
6106
6105
6104
6104
6102
6100
6099
6096
6095
6095
6094
6094
6093
6093
6092
6092
6091
6091
6090
6090
6090
6087
6087
6086
6084
6083
6082
6082
6081
6081
6080
6080
6079
6079
6079
6078
6076
6076
6076
6075
6075
6075
6075
6075
6074
6073
6072
6071
6070
6070
6070
6069
6068
6068
6068
6067
6064
6060
6060
6059
6058
6058
6057
6052
6050
6049
6049
6048
6048
6045
6045
6044
6043
6041
6041
6039
6039
6038
6034
6034
6033
6030
6029
6028
6028
6027
6026
6025
6024
6022
6022
6019
6019
6017
6016
6015
6014
6014
6013
6013
6012
6012
6011
6011
6011
6006
6004
6002
6001
5999
5998
5998
5996
5995
5995
5993
5993
5992
5992
5992
5991
5991
5991
5991
5988
5988
5986
5983
5983
5983
5982
5981
5980
5980
5978
5972
5971
5970
5970
5968
5967
5967
5966
5966
5966
5965
5965
5964
5963
5963
5960
5959
5958
5958
5956
5955
5955
5951
5951
5951
5949
5949
5949
5949
5949
5944
5944
5944
5941
5939
5938
5937
5937
5935
5931
5930
5927
5927
5926
5926
5925
5925
5925
5925
5922
5920
5920
5916
5916
5915
5914
5912
5911
5910
5908
5905
5904
5903
5899
5898
5898
5897
5893
5892
5892
5890
5890
5887
5886
5885
5884
5883
5882
5880
5879
5879
5879
5877
5876
5874
5872
5871
5871
5870
5870
5867
5867
5866
5864
5863
5861
5861
5860
5860
5859
5859
5857
5855
5855
5854
5853
5852
5851
5848
5847
5845
5845
5844
5844
5844
5843
5841
5841
5840
5839
5836
5834
5833
5832
5831
5830
5827
5826
5822
5822
5821
5820
5819
5818
5817
5817
5817
5817
5816
5813
5813
5811
5810
5808
5808
5806
5806
5805
5805
5803
5803
5802
5802
5799
5797
5797
5796
5794
5793
5793
5792
5790
5789
5789
5788
5788
5786
5786
5783
5782
5781
5781
5781
5780
5779
5778
5776
5776
5775
5775
5774
5774
5772
5771
5771
5769
5767
5767
5767
5765
5765
5763
5763
5763
5763
5762
5762
5761
5760
5760
5760
5759
5758
5758
5758
5756
5756
5755
5754
5753
5753
5753
5751
5750
5749
5749
5748
5748
5748
5747
5747
5747
5746
5746
5744
5743
5741
5740
5740
5738
5737
5736
5735
5734
5734
5731
5728
5728
5728
5727
5727
5726
5723
5722
5720
5720
5719
5718
5715
5714
5713
5712
5710
5709
5706
5705
5704
5704
5700
5697
5696
5695
5695
5694
5694
5690
5689
5689
5689
5688
5688
5686
5685
5684
5683
5682
5682
5681
5676
5676
5675
5674
5673
5673
5670
5669
5669
5666
5665
5664
5663
5662
5661
5658
5655
5655
5654
5653
5652
5652
5651
5649
5646
5643
5641
5638
5637
5637
5636
5635
5634
5632
5630
5629
5628
5628
5627
5627
5627
5626
5625
5624
5624
5623
5622
5621
5619
5618
5616
5615
5614
5612
5611
5611
5607
5607
5606
5606
5605
5605
5602
5602
5601
5600
5598
5598
5596
5594
5594
5593
5593
5590
5589
5585
5585
5584
5582
5580
5579
5579
5578
5578
5577
5576
5575
5575
5574
5574
5571
5569
5567
5566
5565
5563
5562
5562
5562
5561
5561
5561
5561
5561
5558
5558
5557
5556
5555
5554
5552
5551
5550
5548
5548
5546
5545
5544
5543
5542
5540
5539
5537
5537
5537
5536
5534
5533
5532
5529
5529
5529
5528
5525
5523
5521
5519
5519
5519
5517
5517
5517
5515
5515
5514
5514
5513
5513
5513
5511
5510
5509
5509
5507
5507
5507
5505
5503
5500
5496
5496
5494
5493
5493
5493
5493
5492
5490
5488
5487
5486
5486
5482
5482
5481
5480
5480
5479
5478
5475
5475
5474
5472
5471
5470
5469
5469
5468
5464
5464
5463
5463
5462
5462
5460
5459
5458
5458
5456
5456
5455
5454
5453
5452
5451
5451
5449
5447
5443
5443
5442
5442
5441
5441
5440
5440
5436
5436
5435
5434
5434
5432
5429
5427
5426
5426
5424
5423
5423
5422
5420
5420
5420
5419
5416
5414
5413
5413
5410
5409
5408
5408
5404
5403
5403
5403
5403
5401
5399
5399
5399
5397
5394
5394
5391
5389
5389
5384
5383
5380
5376
5375
5374
5373
5372
5372
5370
5369
5368
5366
5366
5365
5364
5363
5363
5362
5361
5360
5360
5359
5358
5358
5357
5357
5356
5354
5353
5353
5352
5348
5345
5343
5343
5340
5340
5339
5339
5337
5335
5335
5333
5332
5332
5330
5329
5329
5329
5326
5326
5323
5316
5316
5315
5313
5312
5311
5310
5310
5309
5309
5308
5308
5307
5305
5305
5303
5302
5301
5301
5298
5298
5297
5295
5294
5294
5293
5291
5291
5290
5289
5288
5287
5287
5285
5285
5284
5283
5283
5283
5281
5278
5278
5276
5276
5276
5275
5273
5272
5272
5271
5270
5270
5270
5268
5268
5267
5266
5266
5266
5265
5264
5263
5263
5262
5261
5260
5259
5259
5259
5259
5256
5255
5254
5250
5249
5247
5247
5247
5245
5245
5244
5244
5243
5243
5242
5242
5240
5240
5239
5238
5237
5236
5233
5232
5231
5229
5227
5226
5225
5224
5223
5223
5221
5218
5217
5216
5214
5213
5212
5207
5206
5206
5206
5205
5205
5205
5199
5196
5195
5194
5192
5191
5190
5188
5187
5186
5186
5185
5184
5183
5181
5181
5181
5177
5176
5176
5173
5173
5171
5169
5167
5167
5166
5165
5164
5163
5162
5162
5161
5159
5159
5158
5155
5155
5155
5153
5152
5152
5151
5149
5149
5148
5146
5145
5144
5143
5142
5142
5141
5139
5138
5137
5137
5137
5136
5135
5134
5134
5134
5134
5133
5133
5132
5131
5129
5128
5126
5126
5124
5123
5121
5121
5120
5119
5117
5116
5114
5111
5109
5109
5108
5108
5108
5105
5105
5105
5102
5102
5101
5101
5101
5101
5100
5100
5099
5098
5097
5097
5095
5095
5094
5094
5090
5090
5090
5089
5088
5084
5082
5081
5078
5077
5076
5075
5070
5069
5066
5066
5065
5064
5064
5062
5062
5060
5060
5060
5059
5059
5059
5058
5057
5056
5056
5055
5053
5053
5052
5047
5046
5045
5042
5040
5040
5040
5040
5036
5036
5035
5035
5035
5034
5034
5032
5031
5031
5031
5031
5030
5030
5029
5028
5027
5026
5024
5023
5020
5019
5017
5017
5015
5015
5013
5013
5013
5013
5012
5011
5009
5008
5007
5006
5006
5006
5005
5004
5003
5002
5001
5001
5000
4997
4997
4995
4994
4993
4993
4992
4991
4989
4989
4988
4986
4986
4986
4986
4985
4985
4985
4985
4984
4983
4982
4981
4981
4981
4980
4978
4976
4975
4975
4974
4972
4969
4967
4966
4966
4965
4963
4963
4958
4958
4957
4957
4956
4956
4955
4954
4949
4946
4944
4944
4942
4941
4940
4940
4939
4939
4939
4938
4938
4938
4937
4936
4936
4935
4933
4932
4932
4931
4930
4929
4929
4929
4929
4928
4928
4928
4927
4925
4925
4925
4924
4923
4923
4923
4923
4922
4922
4921
4920
4919
4917
4916
4915
4911
4910
4910
4909
4909
4909
4909
4907
4905
4903
4903
4903
4901
4900
4899
4899
4898
4898
4897
4897
4895
4894
4890
4890
4888
4886
4886
4885
4882
4882
4882
4882
4881
4879
4879
4878
4878
4877
4877
4876
4874
4873
4872
4872
4869
4869
4868
4867
4867
4866
4863
4863
4862
4861
4860
4860
4859
4857
4857
4856
4856
4855
4852
4851
4851
4850
4850
4850
4849
4848
4846
4846
4846
4845
4841
4840
4840
4839
4839
4839
4839
4839
4838
4838
4837
4836
4836
4835
4833
4833
4833
4832
4832
4831
4830
4828
4828
4828
4828
4827
4821
4820
4819
4818
4818
4817
4816
4815
4814
4813
4813
4812
4812
4811
4809
4808
4808
4807
4807
4806
4805
4805
4805
4805
4801
4799
4797
4796
4791
4790
4789
4789
4787
4785
4784
4783
4781
4779
4779
4778
4777
4776
4773
4773
4772
4772
4772
4769
4769
4768
4768
4768
4766
4765
4765
4760
4759
4758
4757
4757
4755
4754
4753
4753
4752
4752
4751
4751
4747
4744
4742
4741
4740
4740
4740
4739
4738
4737
4736
4735
4735
4734
4734
4734
4733
4731
4731
4729
4729
4727
4727
4726
4726
4725
4724
4722
4718
4716
4715
4715
4714
4713
4712
4712
4711
4708
4707
4704
4702
4702
4701
4699
4697
4696
4696
4696
4695
4694
4694
4693
4689
4688
4686
4685
4684
4683
4681
4681
4680
4679
4677
4677
4677
4675
4675
4675
4674
4673
4672
4671
4670
4670
4667
4667
4665
4664
4662
4661
4660
4660
4658
4658
4656
4652
4652
4651
4650
4647
4646
4645
4645
4643
4642
4641
4641
4639
4639
4639
4636
4635
4635
4635
4634
4634
4632
4632
4632
4630
4630
4630
4629
4625
4624
4623
4622
4621
4620
4619
4617
4612
4612
4611
4609
4609
4606
4606
4606
4605
4604
4604
4604
4603
4603
4602
4601
4599
4599
4598
4598
4597
4597
4597
4597
4596
4594
4594
4591
4591
4590
4590
4588
4588
4587
4585
4583
4583
4583
4582
4581
4581
4580
4580
4578
4578
4578
4577
4577
4576
4575
4573
4572
4572
4570
4570
4569
4569
4566
4566
4562
4562
4557
4557
4556
4556
4554
4554
4554
4554
4552
4552
4552
4551
4549
4545
4544
4544
4543
4538
4537
4537
4535
4535
4534
4529
4528
4526
4526
4525
4525
4523
4522
4521
4521
4520
4520
4520
4519
4519
4518
4516
4516
4513
4511
4510
4508
4508
4508
4508
4507
4504
4501
4500
4499
4498
4496
4496
4494
4494
4494
4493
4492
4491
4487
4487
4487
4487
4486
4485
4484
4484
4482
4482
4482
4480
4480
4479
4479
4478
4478
4478
4477
4477
4476
4475
4475
4475
4475
4474
4473
4473
4472
4471
4471
4471
4470
4469
4468
4468
4468
4467
4467
4465
4465
4464
4464
4463
4463
4462
4461
4461
4461
4461
4460
4460
4459
4459
4458
4457
4454
4453
4453
4451
4450
4447
4447
4447
4444
4441
4440
4440
4439
4439
4438
4436
4434
4432
4432
4430
4430
4430
4429
4429
4428
4426
4422
4417
4416
4416
4413
4413
4412
4409
4409
4409
4408
4407
4405
4405
4405
4405
4404
4404
4404
4403
4402
4400
4400
4397
4396
4395
4395
4395
4394
4392
4391
4389
4389
4388
4385
4384
4383
4380
4380
4378
4375
4374
4372
4371
4370
4370
4368
4366
4365
4365
4365
4364
4364
4364
4364
4363
4362
4359
4357
4356
4356
4355
4354
4354
4353
4353
4352
4350
4350
4348
4348
4347
4347
4346
4342
4342
4341
4341
4340
4340
4340
4340
4339
4339
4339
4339
4339
4338
4338
4338
4338
4337
4337
4333
4332
4327
4327
4326
4326
4326
4325
4321
4321
4318
4318
4318
4317
4317
4316
4315
4312
4311
4309
4308
4308
4307
4306
4305
4304
4302
4301
4301
4300
4300
4300
4294
4294
4294
4293
4292
4291
4290
4290
4288
4287
4287
4286
4282
4279
4279
4279
4276
4272
4272
4271
4271
4270
4267
4267
4266
4265
4265
4262
4260
4258
4258
4257
4256
4256
4255
4254
4253
4252
4245
4245
4244
4243
4243
4242
4241
4240
4240
4239
4238
4238
4235
4234
4234
4230
4228
4227
4226
4225
4224
4221
4221
4220
4218
4217
4217
4216
4215
4214
4212
4211
4210
4209
4207
4207
4206
4206
4205
4205
4204
4203
4202
4199
4199
4197
4197
4196
4196
4193
4192
4190
4190
4190
4189
4188
4186
4186
4184
4183
4183
4183
4182
4182
4182
4181
4179
4178
4177
4176
4176
4174
4172
4172
4170
4168
4168
4168
4167
4167
4167
4165
4165
4163
4163
4162
4160
4157
4157
4157
4154
4154
4153
4153
4152
4152
4152
4151
4151
4151
4150
4150
4149
4148
4148
4146
4145
4145
4143
4142
4141
4140
4138
4137
4137
4136
4135
4135
4133
4133
4133
4132
4129
4128
4128
4127
4126
4124
4124
4121
4120
4119
4118
4118
4118
4116
4113
4113
4112
4111
4110
4109
4108
4108
4107
4105
4103
4102
4101
4100
4100
4099
4099
4098
4097
4096
4096
4095
4094
4094
4089
4089
4089
4086
4086
4085
4084
4082
4082
4081
4081
4080
4079
4079
4079
4077
4077
4077
4076
4075
4073
4073
4072
4072
4071
4069
4068
4066
4066
4064
4064
4063
4063
4061
4060
4060
4056
4056
4055
4055
4054
4054
4054
4054
4052
4048
4048
4047
4046
4046
4045
4045
4045
4043
4042
4041
4041
4040
4040
4038
4037
4036
4034
4034
4030
4029
4029
4028
4027
4025
4024
4023
4023
4023
4023
4020
4016
4013
4012
4011
4010
4010
4009
4009
4007
4006
4005
4004
4003
4002
4000
3997
3996
3996
3995
3993
3993
3992
3992
3992
3992
3990
3990
3989
3988
3988
3988
3987
3983
3983
3981
3981
3981
3981
3980
3980
3979
3977
3977
3974
3974
3973
3973
3973
3971
3971
3970
3968
3968
3967
3967
3966
3966
3964
3961
3960
3959
3959
3958
3957
3956
3955
3953
3951
3949
3949
3947
3946
3945
3945
3943
3943
3943
3941
3941
3939
3938
3938
3938
3936
3936
3935
3935
3934
3934
3932
3932
3931
3929
3927
3926
3924
3924
3924
3922
3922
3920
3919
3919
3918
3918
3912
3911
3911
3909
3908
3907
3907
3902
3902
3901
3901
3901
3899
3896
3895
3894
3893
3892
3892
3890
3887
3882
3882
3881
3879
3879
3879
3877
3877
3877
3875
3874
3873
3872
3871
3871
3870
3870
3868
3867
3866
3865
3865
3865
3864
3863
3863
3863
3862
3862
3861
3861
3861
3859
3855
3853
3853
3852
3852
3851
3850
3850
3847
3846
3846
3846
3845
3844
3842
3842
3842
3842
3841
3841
3839
3839
3839
3839
3838
3838
3836
3835
3834
3833
3833
3830
3829
3828
3828
3828
3826
3825
3823
3823
3822
3821
3819
3818
3817
3815
3815
3814
3814
3811
3809
3808
3808
3808
3807
3806
3805
3805
3802
3801
3799
3799
3797
3797
3796
3796
3794
3794
3792
3788
3788
3788
3787
3787
3783
3782
3782
3781
3778
3777
3775
3774
3772
3771
3770
3768
3768
3768
3768
3765
3764
3763
3761
3760
3759
3759
3759
3756
3755
3754
3754
3751
3750
3748
3748
3747
3746
3746
3742
3742
3741
3740
3739
3738
3737
3735
3732
3732
3730
3730
3728
3727
3727
3725
3725
3722
3722
3722
3721
3719
3718
3716
3716
3716
3715
3715
3715
3714
3713
3713
3712
3710
3708
3707
3706
3705
3699
3697
3697
3697
3696
3694
3692
3691
3691
3689
3689
3688
3688
3686
3685
3680
3679
3677
3677
3676
3676
3675
3672
3671
3669
3668
3666
3666
3664
3664
3663
3662
3661
3660
3658
3657
3655
3655
3654
3653
3652
3651
3650
3650
3649
3648
3647
3646
3646
3645
3643
3643
3642
3641
3641
3640
3638
3637
3636
3635
3635
3635
3634
3634
3633
3633
3631
3631
3631
3630
3629
3627
3627
3626
3623
3623
3623
3622
3621
3621
3621
3620
3619
3618
3618
3617
3616
3615
3614
3613
3613
3613
3612
3612
3612
3608
3606
3606
3599
3598
3598
3598
3596
3596
3595
3594
3593
3593
3592
3589
3588
3586
3586
3586
3586
3585
3581
3581
3580
3580
3580
3579
3578
3578
3578
3576
3574
3573
3570
3569
3566
3566
3565
3564
3563
3562
3561
3561
3561
3558
3557
3557
3557
3555
3553
3553
3549
3549
3547
3547
3546
3546
3545
3545
3545
3545
3545
3544
3544
3543
3543
3542
3542
3542
3541
3540
3540
3540
3538
3538
3537
3536
3535
3533
3533
3532
3532
3532
3529
3529
3528
3528
3528
3527
3525
3524
3523
3523
3523
3522
3521
3520
3520
3519
3519
3519
3519
3518
3517
3515
3514
3514
3514
3513
3512
3510
3509
3509
3508
3506
3504
3502
3501
3500
3498
3496
3495
3493
3492
3491
3489
3488
3488
3487
3486
3486
3486
3484
3484
3484
3483
3483
3483
3481
3481
3477
3475
3475
3475
3474
3474
3473
3473
3473
3472
3472
3470
3470
3469
3468
3465
3464
3464
3462
3458
3458
3457
3456
3454
3450
3449
3449
3448
3444
3443
3443
3441
3441
3440
3439
3438
3438
3437
3436
3436
3435
3434
3434
3432
3429
3428
3427
3427
3427
3427
3425
3425
3424
3424
3423
3422
3422
3420
3419
3419
3418
3417
3414
3414
3413
3410
3410
3408
3408
3405
3403
3402
3402
3401
3401
3401
3400
3396
3396
3394
3394
3394
3393
3390
3389
3389
3387
3386
3386
3385
3381
3381
3380
3379
3377
3376
3375
3375
3375
3374
3372
3372
3369
3368
3368
3366
3366
3362
3361
3361
3359
3358
3358
3358
3356
3354
3351
3350
3350
3349
3348
3346
3345
3344
3344
3343
3342
3342
3342
3341
3341
3341
3339
3338
3338
3337
3337
3334
3334
3333
3333
3332
3331
3330
3327
3324
3323
3323
3323
3322
3321
3321
3318
3317
3317
3311
3310
3310
3308
3307
3304
3304
3303
3303
3302
3301
3300
3300
3297
3297
3296
3295
3294
3294
3292
3288
3287
3287
3286
3286
3286
3284
3283
3283
3283
3282
3281
3279
3278
3278
3276
3275
3275
3274
3273
3273
3272
3272
3271
3270
3270
3270
3268
3268
3267
3266
3263
3263
3263
3263
3258
3257
3256
3256
3254
3254
3252
3250
3250
3248
3248
3247
3247
3247
3246
3246
3245
3245
3245
3245
3241
3241
3239
3239
3238
3238
3237
3234
3233
3233
3229
3228
3228
3226
3226
3225
3224
3223
3223
3222
3222
3222
3222
3220
3217
3216
3214
3214
3213
3213
3212
3212
3212
3211
3211
3210
3210
3209
3208
3207
3206
3206
3206
3205
3204
3204
3203
3200
3200
3199
3199
3197
3197
3196
3196
3194
3194
3191
3186
3185
3185
3184
3183
3183
3182
3181
3180
3179
3179
3179
3176
3176
3175
3175
3173
3172
3172
3172
3171
3170
3170
3170
3169
3168
3167
3163
3163
3162
3162
3162
3158
3157
3157
3157
3156
3156
3155
3153
3153
3152
3151
3151
3150
3150
3149
3148
3148
3148
3146
3146
3145
3144
3142
3141
3141
3140
3139
3139
3139
3138
3137
3136
3135
3134
3134
3133
3132
3132
3131
3130
3130
3129
3128
3128
3127
3127
3127
3124
3122
3120
3118
3116
3116
3116
3114
3114
3114
3113
3112
3112
3110
3110
3110
3109
3109
3106
3104
3104
3100
3099
3097
3095
3094
3094
3092
3092
3091
3089
3089
3087
3082
3081
3081
3079
3079
3079
3078
3078
3076
3074
3073
3072
3072
3070
3070
3068
3067
3064
3063
3063
3061
3061
3061
3061
3060
3059
3059
3058
3058
3058
3057
3055
3054
3050
3048
3047
3045
3044
3043
3042
3041
3040
3039
3039
3038
3037
3037
3036
3034
3033
3033
3033
3031
3029
3025
3025
3024
3024
3023
3023
3021
3020
3019
3018
3018
3018
3017
3017
3016
3015
3012
3012
3011
3011
3009
3008
3004
3003
3002
3001
3000
3000
2999
2997
2997
2995
2994
2992
2990
2990
2989
2989
2989
2988
2986
2985
2985
2985
2984
2984
2983
2983
2982
2982
2981
2980
2980
2973
2973
2972
2970
2970
2970
2969
2969
2969
2969
2968
2968
2968
2967
2966
2964
2962
2961
2961
2960
2958
2958
2954
2953
2951
2951
2951
2950
2949
2948
2947
2944
2943
2941
2939
2938
2938
2937
2933
2933
2932
2931
2931
2930
2930
2929
2929
2925
2922
2921
2919
2919
2919
2917
2916
2916
2915
2913
2913
2913
2912
2909
2909
2908
2908
2908
2908
2902
2900
2900
2899
2898
2898
2897
2895
2895
2894
2892
2891
2891
2889
2889
2889
2888
2886
2886
2886
2885
2884
2883
2883
2882
2881
2881
2880
2879
2879
2879
2878
2877
2876
2876
2875
2874
2872
2872
2872
2872
2870
2870
2867
2866
2861
2861
2861
2860
2858
2858
2857
2856
2854
2854
2852
2850
2850
2849
2849
2849
2847
2847
2846
2842
2841
2841
2841
2839
2838
2837
2837
2837
2837
2837
2837
2835
2835
2833
2833
2833
2831
2831
2830
2829
2826
2826
2825
2824
2822
2821
2818
2814
2811
2810
2809
2808
2807
2806
2799
2797
2797
2795
2791
2791
2791
2791
2790
2790
2789
2789
2787
2786
2785
2785
2783
2782
2779
2778
2778
2777
2775
2775
2774
2773
2773
2773
2772
2771
2771
2770
2770
2769
2769
2768
2767
2766
2766
2761
2758
2757
2756
2755
2755
2755
2755
2753
2753
2752
2751
2748
2748
2746
2745
2744
2742
2741
2741
2740
2740
2737
2737
2737
2736
2736
2736
2736
2736
2733
2732
2730
2730
2728
2728
2727
2727
2725
2725
2723
2723
2722
2722
2717
2716
2716
2716
2715
2715
2713
2713
2712
2712
2710
2710
2710
2707
2705
2704
2704
2701
2701
2700
2700
2698
2696
2692
2690
2689
2689
2688
2688
2688
2687
2687
2687
2686
2685
2684
2684
2680
2680
2679
2678
2678
2674
2674
2674
2673
2673
2673
2671
2671
2671
2670
2670
2670
2668
2667
2666
2666
2664
2663
2660
2660
2660
2658
2657
2656
2655
2655
2653
2652
2651
2651
2649
2648
2647
2646
2646
2645
2644
2644
2643
2642
2640
2639
2638
2637
2636
2635
2635
2634
2633
2633
2632
2632
2630
2623
2623
2623
2622
2620
2620
2618
2618
2616
2616
2615
2615
2611
2608
2608
2607
2606
2605
2605
2604
2598
2595
2593
2592
2590
2590
2589
2589
2588
2587
2587
2587
2587
2586
2586
2585
2585
2582
2581
2580
2580
2579
2578
2578
2577
2575
2575
2573
2573
2573
2572
2571
2569
2569
2568
2568
2567
2566
2564
2564
2564
2560
2559
2558
2558
2557
2556
2555
2555
2554
2554
2552
2550
2550
2549
2549
2548
2546
2546
2544
2544
2544
2543
2542
2539
2539
2539
2538
2534
2534
2533
2532
2531
2531
2530
2530
2529
2528
2527
2527
2527
2526
2526
2525
2524
2524
2524
2524
2524
2524
2524
2521
2519
2517
2514
2514
2512
2512
2512
2511
2507
2507
2505
2504
2504
2503
2502
2502
2502
2501
2501
2499
2498
2497
2496
2495
2495
2494
2494
2492
2492
2491
2491
2489
2488
2488
2487
2487
2486
2485
2483
2483
2482
2480
2480
2479
2478
2478
2477
2475
2475
2474
2473
2472
2472
2468
2466
2466
2465
2461
2461
2460
2458
2455
2454
2454
2453
2451
2450
2450
2450
2449
2448
2445
2444
2442
2442
2441
2439
2437
2436
2436
2435
2435
2434
2434
2433
2432
2431
2430
2430
2429
2428
2428
2428
2427
2426
2425
2425
2425
2425
2423
2423
2422
2421
2420
2419
2419
2418
2417
2416
2415
2414
2413
2413
2412
2410
2405
2402
2401
2401
2399
2398
2397
2394
2391
2391
2390
2390
2388
2385
2384
2383
2383
2383
2381
2380
2378
2376
2375
2375
2372
2372
2371
2369
2369
2367
2365
2365
2363
2363
2362
2361
2360
2360
2358
2357
2355
2353
2352
2351
2350
2349
2346
2346
2344
2341
2340
2340
2338
2337
2336
2336
2335
2331
2330
2330
2330
2329
2329
2328
2327
2326
2325
2323
2323
2322
2321
2318
2317
2317
2317
2316
2316
2315
2315
2314
2310
2308
2307
2305
2305
2304
2304
2303
2302
2302
2301
2298
2296
2296
2296
2295
2294
2294
2293
2291
2290
2290
2287
2287
2287
2284
2283
2281
2281
2281
2280
2280
2280
2279
2278
2277
2277
2277
2277
2270
2269
2268
2268
2267
2267
2267
2267
2266
2266
2263
2261
2261
2261
2260
2259
2259
2258
2257
2257
2256
2256
2256
2252
2251
2251
2250
2249
2247
2246
2244
2242
2242
2241
2240
2240
2238
2237
2236
2235
2234
2233
2233
2231
2230
2228
2227
2226
2226
2225
2224
2224
2223
2222
2221
2221
2220
2219
2217
2216
2216
2213
2212
2212
2210
2208
2206
2205
2204
2204
2203
2201
2199
2197
2197
2194
2193
2192
2192
2192
2192
2191
2191
2189
2189
2186
2185
2185
2185
2182
2181
2181
2181
2180
2180
2180
2177
2176
2175
2175
2175
2172
2171
2168
2167
2166
2163
2162
2162
2160
2158
2157
2156
2156
2155
2154
2153
2152
2150
2150
2149
2149
2149
2148
2147
2147
2145
2143
2140
2139
2139
2136
2136
2135
2135
2134
2133
2132
2130
2129
2128
2128
2127
2127
2124
2123
2123
2123
2123
2123
2122
2122
2120
2120
2120
2118
2117
2116
2114
2109
2109
2109
2105
2104
2103
2102
2101
2100
2100
2100
2099
2099
2098
2098
2097
2097
2096
2096
2090
2089
2088
2088
2087
2084
2084
2083
2083
2082
2082
2080
2076
2076
2075
2073
2072
2071
2071
2070
2070
2069
2068
2067
2066
2065
2063
2063
2063
2063
2062
2058
2057
2056
2055
2053
2053
2053
2051
2050
2050
2050
2047
2047
2045
2045
2044
2042
2041
2041
2038
2038
2033
2032
2031
2030
2030
2030
2029
2029
2027
2027
2026
2024
2023
2022
2022
2021
2020
2020
2019
2015
2015
2014
2014
2012
2007
2005
2004
2002
2001
2000
1999
1998
1998
1997
1994
1993
1992
1992
1991
1990
1990
1988
1987
1985
1985
1985
1983
1982
1982
1980
1980
1980
1979
1979
1977
1977
1977
1976
1976
1976
1975
1975
1975
1974
1973
1972
1969
1968
1967
1967
1967
1964
1964
1963
1961
1960
1959
1957
1957
1956
1956
1953
1953
1952
1951
1950
1949
1948
1946
1946
1945
1944
1944
1943
1942
1942
1942
1941
1940
1938
1937
1936
1936
1936
1935
1935
1933
1931
1931
1929
1928
1925
1924
1922
1921
1921
1920
1920
1920
1919
1919
1917
1916
1915
1914
1914
1913
1912
1912
1911
1909
1908
1908
1907
1906
1906
1905
1903
1902
1900
1898
1898
1897
1897
1892
1892
1891
1891
1888
1887
1887
1886
1886
1882
1881
1881
1881
1881
1880
1876
1875
1874
1874
1872
1871
1871
1870
1870
1870
1870
1869
1869
1867
1864
1862
1861
1860
1860
1858
1857
1856
1855
1854
1854
1851
1850
1849
1846
1846
1845
1845
1842
1842
1842
1841
1841
1841
1838
1838
1838
1837
1837
1837
1836
1836
1834
1832
1832
1831
1831
1830
1829
1828
1827
1827
1826
1821
1820
1819
1819
1818
1818
1817
1814
1811
1810
1809
1807
1806
1801
1800
1800
1799
1799
1797
1796
1796
1795
1795
1794
1793
1793
1791
1791
1790
1788
1787
1787
1786
1783
1782
1782
1782
1781
1780
1779
1779
1779
1779
1773
1771
1770
1768
1767
1767
1767
1767
1767
1766
1766
1764
1761
1761
1761
1760
1757
1757
1757
1756
1751
1750
1749
1748
1748
1747
1747
1745
1743
1743
1742
1741
1741
1738
1734
1734
1734
1731
1728
1726
1726
1725
1723
1722
1721
1720
1720
1720
1720
1719
1719
1718
1718
1718
1716
1715
1714
1713
1711
1710
1709
1709
1708
1707
1707
1705
1703
1701
1700
1700
1700
1699
1699
1695
1695
1694
1693
1693
1692
1691
1691
1690
1689
1689
1685
1683
1682
1682
1682
1681
1680
1680
1678
1678
1675
1675
1674
1674
1673
1668
1667
1667
1666
1664
1663
1663
1663
1662
1661
1659
1659
1658
1658
1657
1657
1655
1655
1653
1652
1652
1650
1649
1649
1648
1647
1646
1645
1644
1644
1643
1642
1640
1640
1640
1640
1639
1637
1637
1637
1636
1636
1634
1633
1631
1630
1630
1626
1625
1625
1623
1621
1620
1620
1620
1618
1618
1617
1616
1616
1615
1614
1612
1610
1610
1609
1609
1609
1608
1606
1605
1597
1596
1596
1595
1594
1594
1589
1589
1589
1589
1588
1588
1587
1586
1586
1582
1582
1580
1579
1578
1574
1574
1573
1573
1570
1569
1569
1569
1567
1567
1565
1565
1565
1564
1564
1564
1564
1562
1559
1559
1559
1558
1554
1552
1550
1550
1550
1550
1549
1548
1548
1548
1546
1543
1543
1542
1542
1541
1541
1539
1539
1538
1537
1537
1537
1536
1536
1536
1536
1535
1534
1534
1534
1532
1532
1532
1531
1530
1530
1530
1529
1528
1527
1526
1526
1526
1525
1525
1525
1523
1522
1520
1519
1519
1518
1515
1513
1512
1511
1510
1509
1507
1506
1505
1504
1504
1500
1500
1499
1499
1498
1497
1497
1497
1496
1496
1496
1494
1494
1493
1491
1490
1490
1489
1487
1485
1484
1484
1484
1481
1481
1481
1479
1478
1475
1474
1474
1473
1472
1472
1472
1471
1471
1471
1468
1468
1466
1466
1465
1465
1462
1462
1461
1459
1457
1457
1456
1456
1456
1455
1455
1455
1454
1454
1454
1452
1450
1449
1448
1448
1448
1447
1447
1444
1444
1442
1442
1441
1440
1439
1437
1437
1436
1434
1432
1430
1429
1429
1426
1426
1424
1424
1424
1423
1423
1423
1421
1421
1419
1418
1418
1415
1414
1413
1412
1412
1412
1412
1411
1410
1409
1409
1409
1409
1407
1407
1407
1407
1406
1405
1405
1404
1403
1403
1401
1400
1400
1399
1399
1398
1395
1392
1391
1390
1387
1386
1386
1386
1385
1384
1382
1381
1380
1380
1379
1379
1378
1377
1376
1376
1375
1372
1370
1368
1367
1365
1365
1365
1364
1364
1363
1361
1361
1361
1358
1357
1357
1357
1357
1356
1355
1355
1353
1352
1351
1350
1349
1348
1347
1345
1345
1344
1342
1339
1338
1338
1338
1333
1333
1333
1332
1332
1332
1332
1330
1330
1330
1329
1328
1326
1325
1325
1324
1324
1322
1322
1319
1317
1316
1316
1315
1315
1314
1314
1313
1312
1310
1310
1307
1307
1306
1306
1303
1300
1300
1297
1296
1296
1295
1294
1292
1292
1290
1290
1286
1286
1284
1282
1282
1279
1279
1277
1275
1275
1274
1274
1274
1273
1272
1270
1269
1269
1267
1266
1265
1265
1265
1264
1263
1263
1262
1261
1261
1259
1259
1259
1258
1258
1258
1257
1257
1257
1257
1257
1254
1252
1249
1248
1248
1246
1245
1244
1242
1241
1241
1240
1236
1236
1233
1232
1232
1229
1229
1229
1227
1225
1223
1222
1221
1215
1214
1214
1212
1212
1211
1210
1209
1208
1207
1207
1207
1206
1204
1204
1203
1203
1203
1203
1201
1201
1200
1198
1197
1197
1195
1193
1192
1191
1191
1191
1189
1189
1189
1188
1187
1183
1183
1180
1178
1178
1178
1174
1174
1174
1172
1172
1172
1171
1166
1165
1164
1164
1163
1163
1162
1160
1160
1160
1160
1160
1160
1159
1153
1153
1152
1152
1148
1146
1146
1146
1145
1145
1144
1144
1143
1142
1139
1138
1138
1137
1136
1135
1134
1133
1132
1132
1132
1131
1130
1128
1128
1128
1127
1127
1126
1126
1123
1122
1122
1122
1122
1120
1120
1120
1118
1116
1115
1115
1115
1114
1114
1114
1113
1113
1112
1111
1111
1111
1110
1110
1110
1109
1108
1107
1107
1105
1104
1103
1103
1103
1098
1097
1096
1095
1095
1094
1094
1091
1091
1091
1090
1088
1087
1086
1084
1083
1083
1081
1081
1079
1079
1076
1076
1074
1074
1073
1073
1072
1072
1071
1071
1070
1070
1070
1068
1068
1068
1067
1067
1064
1064
1062
1061
1060
1060
1059
1059
1059
1058
1057
1056
1055
1055
1054
1054
1053
1053
1052
1052
1051
1050
1048
1046
1046
1046
1045
1044
1044
1044
1042
1041
1041
1040
1040
1038
1038
1037
1037
1036
1036
1036
1035
1035
1035
1034
1034
1032
1029
1028
1026
1025
1025
1025
1022
1021
1019
1019
1019
1019
1019
1018
1018
1017
1017
1016
1016
1013
1012
1011
1011
1011
1009
1008
1007
1004
1004
1003
1002
1002
1002
1001
1001
1001
999
999
999
998
997
995
993
993
992
991
990
989
988
988
987
987
987
985
984
983
982
982
982
979
977
976
975
975
975
974
972
971
971
970
970
966
965
965
964
964
963
963
963
963
961
955
952
951
951
947
945
945
945
943
942
942
942
941
940
939
938
936
936
935
935
934
933
932
930
929
928
927
927
926
924
921
920
919
919
918
917
917
916
916
916
916
916
915
913
912
912
912
910
908
908
907
905
905
903
902
902
901
892
892
892
891
891
888
886
886
884
884
883
883
882
881
880
880
879
877
877
876
875
874
874
873
873
872
871
870
869
867
865
864
864
863
860
860
860
858
856
856
854
853
852
850
850
848
848
847
847
846
843
843
842
842
841
841
840
838
838
838
837
837
837
836
834
834
833
833
832
831
829
829
829
827
825
825
822
819
819
819
817
816
816
815
814
814
813
813
812
812
810
806
805
804
804
804
804
799
799
799
795
791
790
789
789
789
788
788
787
783
783
782
781
780
778
778
778
776
774
772
771
770
768
767
766
766
765
765
763
762
760
760
760
758
757
757
756
754
753
753
752
751
751
750
747
746
746
746
744
742
742
741
741
740
739
738
737
735
735
734
734
734
732
730
728
727
726
725
724
724
723
722
722
718
717
716
716
712
712
712
710
709
706
706
705
704
704
703
701
700
699
696
696
695
694
693
693
692
691
690
689
688
688
688
688
688
686
686
684
683
683
677
677
677
674
672
669
668
668
666
665
665
664
664
662
662
662
661
659
658
656
656
655
655
655
655
654
654
653
652
652
651
651
651
650
649
649
649
647
647
647
647
646
644
641
641
639
638
637
637
637
636
636
633
630
629
629
628
626
625
625
623
622
621
620
620
619
619
617
616
616
616
614
612
609
608
608
608
608
607
605
605
604
604
603
602
601
600
599
598
598
598
598
596
596
596
595
594
593
589
588
586
585
585
584
584
583
583
582
580
580
580
579
577
576
576
575
575
574
574
573
571
570
570
569
569
568
567
564
564
563
562
561
561
560
560
559
559
559
559
556
555
553
552
552
551
549
548
547
547
546
545
545
544
543
542
541
541
541
539
539
536
536
535
534
532
530
529
528
525
522
522
521
520
518
517
517
515
514
510
510
509
508
508
507
506
504
504
503
501
498
498
497
497
497
497
496
496
495
494
494
493
492
491
489
484
484
484
484
483
480
479
478
478
477
477
477
477
476
473
472
472
471
468
467
466
464
463
461
460
459
459
459
456
455
453
453
452
450
450
450
448
447
445
445
444
444
443
442
442
441
440
440
440
438
437
436
432
428
428
428
427
425
425
424
424
423
422
422
422
421
419
419
419
418
416
416
416
413
413
412
412
411
410
409
408
407
406
406
404
401
401
401
401
399
398
397
393
392
392
391
388
385
385
385
384
383
383
382
381
381
380
379
379
375
375
375
374
374
373
371
370
369
368
367
367
366
364
362
359
359
358
358
358
357
357
356
356
354
350
349
349
347
347
346
346
344
344
343
343
342
341
341
341
340
338
338
337
337
335
334
333
333
332
331
329
327
325
324
323
323
322
320
319
319
319
317
316
316
313
311
310
310
307
304
303
303
303
303
302
301
300
299
299
298
297
295
294
293
292
291
291
291
290
289
288
288
287
286
286
286
285
284
284
284
282
281
279
277
274
271
271
271
270
270
269
267
265
264
262
262
262
262
260
260
259
255
254
254
254
253
252
251
250
249
247
246
246
244
242
242
241
239
239
239
238
237
237
237
236
235
234
231
230
229
229
226
225
225
220
220
217
216
216
211
211
211
208
207
204
204
203
203
202
202
201
200
200
200
198
197
197
196
195
195
194
193
193
192
192
189
189
187
187
186
184
180
179
179
178
177
176
176
174
173
173
168
166
165
164
162
161
160
160
159
158
157
157
156
154
153
153
151
151
150
149
148
147
147
147
146
145
143
142
142
142
141
140
140
139
138
138
137
136
136
134
133
133
132
132
132
129
128
128
128
128
128
127
127
126
125
124
123
122
121
119
118
118
118
118
118
117
116
114
112
112
111
110
109
107
107
107
104
103
101
99
99
98
97
97
97
97
97
97
96
94
93
92
92
90
84
84
81
79
78
78
77
76
76
75
74
71
71
68
67
67
63
63
62
61
59
58
58
56
55
54
54
54
53
53
52
51
47
46
45
43
42
40
40
40
39
38
38
37
36
33
32
30
29
25
24
23
23
21
20
13
10
10
9
8
8
6
5
5
4
3
3
3
0
