0
3
3
3
4
5
5
6
8
8
9
10
10
13
20
21
23
23
24
25
29
30
32
33
36
37
38
38
39
40
40
40
42
43
45
46
47
51
52
53
53
54
54
54
55
56
58
58
59
61
62
63
63
67
67
68
71
71
74
75
76
76
77
78
78
79
81
84
84
90
92
92
93
94
96
97
97
97
97
97
97
98
99
99
101
103
104
107
107
107
109
110
111
112
112
114
116
117
118
118
118
118
118
119
121
122
123
124
125
126
127
127
128
128
128
128
128
129
132
132
132
133
133
134
136
136
137
138
138
139
140
140
141
142
142
142
143
145
146
147
147
147
148
149
150
151
151
153
153
154
156
157
157
158
159
160
160
161
162
164
165
166
168
173
173
174
176
176
177
178
179
179
180
184
186
187
187
189
189
192
192
193
193
194
195
195
196
197
197
198
200
200
200
201
202
202
203
203
204
204
207
208
211
211
211
216
216
217
220
220
225
225
226
229
229
230
231
234
235
236
237
237
237
238
239
239
239
241
242
242
244
246
246
247
249
250
251
252
253
254
254
254
255
259
260
260
262
262
262
262
264
265
267
269
270
270
271
271
271
274
277
279
281
282
284
284
284
285
286
286
286
287
288
288
289
290
291
291
291
292
293
294
295
297
298
299
299
300
301
302
303
303
303
303
304
307
310
310
311
313
316
316
317
319
319
319
320
322
323
323
324
325
327
329
331
332
333
333
334
335
337
337
338
338
340
341
341
341
342
343
343
344
344
346
346
347
347
349
349
350
354
356
356
357
357
358
358
358
359
359
362
364
366
367
367
368
369
370
371
373
374
374
375
375
375
379
379
380
381
381
382
383
383
384
385
385
385
388
391
392
392
393
397
398
399
401
401
401
401
404
406
406
407
408
409
410
411
412
412
413
413
416
416
416
418
419
419
419
421
422
422
422
423
424
424
425
425
427
428
428
428
432
436
437
438
440
440
440
441
442
442
443
444
444
445
445
447
448
450
450
450
452
453
453
455
456
459
459
459
460
461
463
464
466
467
468
471
472
472
473
476
477
477
477
477
478
478
479
480
483
484
484
484
484
489
491
492
493
494
494
495
496
496
497
497
497
497
498
498
501
503
504
504
506
507
508
508
509
510
510
514
515
517
517
518
520
521
522
522
525
528
529
530
532
534
535
536
536
539
539
541
541
541
542
543
544
545
545
546
547
547
548
549
551
552
552
553
555
556
559
559
559
559
560
560
561
561
562
563
564
564
567
568
569
569
570
570
571
573
574
574
575
575
576
576
577
579
580
580
580
582
583
583
584
584
585
585
586
588
589
593
594
595
596
596
596
598
598
598
598
599
600
601
602
603
604
604
605
605
607
608
608
608
608
609
612
614
616
616
616
617
619
619
620
620
621
622
623
625
625
626
628
629
629
630
633
636
636
637
637
637
638
639
641
641
644
646
647
647
647
647
649
649
649
650
651
651
651
652
652
653
654
654
655
655
655
655
656
656
658
659
661
662
662
662
664
664
665
665
666
668
668
669
672
674
677
677
677
683
683
684
686
686
688
688
688
688
688
689
690
691
692
693
693
694
695
696
696
699
700
701
703
704
704
705
706
706
709
710
712
712
712
716
716
717
718
722
722
723
724
724
725
726
727
728
730
732
734
734
734
735
735
737
738
739
740
741
741
742
742
744
746
746
746
747
750
751
751
752
753
753
754
756
757
757
758
760
760
760
762
763
765
765
766
766
767
768
770
771
772
774
776
778
778
778
780
781
782
783
783
787
788
788
789
789
789
790
791
795
799
799
799
804
804
804
804
805
806
810
812
812
813
813
814
814
815
816
816
817
819
819
819
822
825
825
827
829
829
829
831
832
833
833
834
834
836
837
837
837
838
838
838
840
841
841
842
842
843
843
846
847
847
848
848
850
850
852
853
854
856
856
858
860
860
860
863
864
864
865
867
869
870
871
872
873
873
874
874
875
876
877
877
879
880
880
881
882
883
883
884
884
886
886
888
891
891
892
892
892
901
902
902
903
905
905
907
908
908
910
912
912
912
913
915
916
916
916
916
916
917
917
918
919
919
920
921
924
926
927
927
928
929
930
932
933
934
935
935
936
936
938
939
940
941
942
942
942
943
945
945
945
947
951
951
952
955
961
963
963
963
963
964
964
965
965
966
970
970
971
971
972
974
975
975
975
976
977
979
982
982
982
983
984
985
987
987
987
988
988
989
990
991
992
993
993
995
997
998
999
999
999
1001
1001
1001
1002
1002
1002
1003
1004
1004
1007
1008
1009
1011
1011
1011
1012
1013
1016
1016
1017
1017
1018
1018
1019
1019
1019
1019
1019
1021
1022
1025
1025
1025
1026
1028
1029
1032
1034
1034
1035
1035
1035
1036
1036
1036
1037
1037
1038
1038
1040
1040
1041
1041
1042
1044
1044
1044
1045
1046
1046
1046
1048
1050
1051
1052
1052
1053
1053
1054
1054
1055
1055
1056
1057
1058
1059
1059
1059
1060
1060
1061
1062
1064
1064
1067
1067
1068
1068
1068
1070
1070
1070
1071
1071
1072
1072
1073
1073
1074
1074
1076
1076
1079
1079
1081
1081
1083
1083
1084
1086
1087
1088
1090
1091
1091
1091
1094
1094
1095
1095
1096
1097
1098
1103
1103
1103
1104
1105
1107
1107
1108
1109
1110
1110
1110
1111
1111
1111
1112
1113
1113
1114
1114
1114
1115
1115
1115
1116
1118
1120
1120
1120
1122
1122
1122
1122
1123
1126
1126
1127
1127
1128
1128
1128
1130
1131
1132
1132
1132
1133
1134
1135
1136
1137
1138
1138
1139
1142
1143
1144
1144
1145
1145
1146
1146
1146
1148
1152
1152
1153
1153
1159
1160
1160
1160
1160
1160
1160
1162
1163
1163
1164
1164
1165
1166
1171
1172
1172
1172
1174
1174
1174
1178
1178
1178
1180
1183
1183
1187
1188
1189
1189
1189
1191
1191
1191
1192
1193
1195
1197
1197
1198
1200
1201
1201
1203
1203
1203
1203
1204
1204
1206
1207
1207
1207
1208
1209
1210
1211
1212
1212
1214
1214
1215
1221
1222
1223
1225
1227
1229
1229
1229
1232
1232
1233
1236
1236
1240
1241
1241
1242
1244
1245
1246
1248
1248
1249
1252
1254
1257
1257
1257
1257
1257
1258
1258
1258
1259
1259
1259
1261
1261
1262
1263
1263
1264
1265
1265
1265
1266
1267
1269
1269
1270
1272
1273
1274
1274
1274
1275
1275
1277
1279
1279
1282
1282
1284
1286
1286
1290
1290
1292
1292
1294
1295
1296
1296
1297
1300
1300
1303
1306
1306
1307
1307
1310
1310
1312
1313
1314
1314
1315
1315
1316
1316
1317
1319
1322
1322
1324
1324
1325
1325
1326
1328
1329
1330
1330
1330
1332
1332
1332
1332
1333
1333
1333
1338
1338
1338
1339
1342
1344
1345
1345
1347
1348
1349
1350
1351
1352
1353
1355
1355
1356
1357
1357
1357
1357
1358
1361
1361
1361
1363
1364
1364
1365
1365
1365
1367
1368
1370
1372
1375
1376
1376
1377
1378
1379
1379
1380
1380
1381
1382
1384
1385
1386
1386
1386
1387
1390
1391
1392
1395
1398
1399
1399
1400
1400
1401
1403
1403
1404
1405
1405
1406
1407
1407
1407
1407
1409
1409
1409
1409
1410
1411
1412
1412
1412
1412
1413
1414
1415
1418
1418
1419
1421
1421
1423
1423
1423
1424
1424
1424
1426
1426
1429
1429
1430
1432
1434
1436
1437
1437
1439
1440
1441
1442
1442
1444
1444
1447
1447
1448
1448
1448
1449
1450
1452
1454
1454
1454
1455
1455
1455
1456
1456
1456
1457
1457
1459
1461
1462
1462
1465
1465
1466
1466
1468
1468
1471
1471
1471
1472
1472
1472
1473
1474
1474
1475
1478
1479
1481
1481
1481
1484
1484
1484
1485
1487
1489
1490
1490
1491
1493
1494
1494
1496
1496
1496
1497
1497
1497
1498
1499
1499
1500
1500
1504
1504
1505
1506
1507
1509
1510
1511
1512
1513
1515
1518
1519
1519
1520
1522
1523
1525
1525
1525
1526
1526
1526
1527
1528
1529
1530
1530
1530
1531
1532
1532
1532
1534
1534
1534
1535
1536
1536
1536
1536
1537
1537
1537
1538
1539
1539
1541
1541
1542
1542
1543
1543
1546
1548
1548
1548
1549
1550
1550
1550
1550
1552
1554
1558
1559
1559
1559
1562
1564
1564
1564
1564
1565
1565
1565
1567
1567
1569
1569
1569
1570
1573
1573
1574
1574
1578
1579
1580
1582
1582
1586
1586
1587
1588
1588
1589
1589
1589
1589
1594
1594
1595
1596
1596
1597
1605
1606
1608
1609
1609
1609
1610
1610
1612
1614
1615
1616
1616
1617
1618
1618
1620
1620
1620
1621
1623
1625
1625
1626
1630
1630
1631
1633
1634
1636
1636
1637
1637
1637
1639
1640
1640
1640
1640
1642
1643
1644
1644
1645
1646
1647
1648
1649
1649
1650
1652
1652
1653
1655
1655
1657
1657
1658
1658
1659
1659
1661
1662
1663
1663
1663
1664
1666
1667
1667
1668
1673
1674
1674
1675
1675
1678
1678
1680
1680
1681
1682
1682
1682
1683
1685
1689
1689
1690
1691
1691
1692
1693
1693
1694
1695
1695
1699
1699
1700
1700
1700
1701
1703
1705
1707
1707
1708
1709
1709
1710
1711
1713
1714
1715
1716
1718
1718
1718
1719
1719
1720
1720
1720
1720
1721
1722
1723
1725
1726
1726
1728
1731
1734
1734
1734
1738
1741
1741
1742
1743
1743
1745
1747
1747
1748
1748
1749
1750
1751
1756
1757
1757
1757
1760
1761
1761
1761
1764
1766
1766
1767
1767
1767
1767
1767
1768
1770
1771
1773
1779
1779
1779
1779
1780
1781
1782
1782
1782
1783
1786
1787
1787
1788
1790
1791
1791
1793
1793
1794
1795
1795
1796
1796
1797
1799
1799
1800
1800
1801
1806
1807
1809
1810
1811
1814
1817
1818
1818
1819
1819
1820
1821
1826
1827
1827
1828
1829
1830
1831
1831
1832
1832
1834
1836
1836
1837
1837
1837
1838
1838
1838
1841
1841
1841
1842
1842
1842
1845
1845
1846
1846
1849
1850
1851
1854
1854
1855
1856
1857
1858
1860
1860
1861
1862
1864
1867
1869
1869
1870
1870
1870
1870
1871
1871
1872
1874
1874
1875
1876
1880
1881
1881
1881
1881
1882
1886
1886
1887
1887
1888
1891
1891
1892
1892
1897
1897
1898
1898
1900
1902
1903
1905
1906
1906
1907
1908
1908
1909
1911
1912
1912
1913
1914
1914
1915
1916
1917
1919
1919
1920
1920
1920
1921
1921
1922
1924
1925
1928
1929
1931
1931
1933
1935
1935
1936
1936
1936
1937
1938
1940
1941
1942
1942
1942
1943
1944
1944
1945
1946
1946
1948
1949
1950
1951
1952
1953
1953
1956
1956
1957
1957
1959
1960
1961
1963
1964
1964
1967
1967
1967
1968
1969
1972
1973
1974
1975
1975
1975
1976
1976
1976
1977
1977
1977
1979
1979
1980
1980
1980
1982
1982
1983
1985
1985
1985
1987
1988
1990
1990
1991
1992
1992
1993
1994
1997
1998
1998
1999
2000
2001
2002
2004
2005
2007
2012
2014
2014
2015
2015
2019
2020
2020
2021
2022
2022
2023
2024
2026
2027
2027
2029
2029
2030
2030
2030
2031
2032
2033
2038
2038
2041
2041
2042
2044
2045
2045
2047
2047
2050
2050
2050
2051
2053
2053
2053
2055
2056
2057
2058
2062
2063
2063
2063
2063
2065
2066
2067
2068
2069
2070
2070
2071
2071
2072
2073
2075
2076
2076
2080
2082
2082
2083
2083
2084
2084
2087
2088
2088
2089
2090
2096
2096
2097
2097
2098
2098
2099
2099
2100
2100
2100
2101
2102
2103
2104
2105
2109
2109
2109
2114
2116
2117
2118
2120
2120
2120
2122
2122
2123
2123
2123
2123
2123
2124
2127
2127
2128
2128
2129
2130
2132
2133
2134
2135
2135
2136
2136
2139
2139
2140
2143
2145
2147
2147
2148
2149
2149
2149
2150
2150
2152
2153
2154
2155
2156
2156
2157
2158
2160
2162
2162
2163
2166
2167
2168
2171
2172
2175
2175
2175
2176
2177
2180
2180
2180
2181
2181
2181
2182
2185
2185
2185
2186
2189
2189
2191
2191
2192
2192
2192
2192
2193
2194
2197
2197
2199
2201
2203
2204
2204
2205
2206
2208
2210
2212
2212
2213
2216
2216
2217
2219
2220
2221
2221
2222
2223
2224
2224
2225
2226
2226
2227
2228
2230
2231
2233
2233
2234
2235
2236
2237
2238
2240
2240
2241
2242
2242
2244
2246
2247
2249
2250
2251
2251
2252
2256
2256
2256
2257
2257
2258
2259
2259
2260
2261
2261
2261
2263
2266
2266
2267
2267
2267
2267
2268
2268
2269
2270
2277
2277
2277
2277
2278
2279
2280
2280
2280
2281
2281
2281
2283
2284
2287
2287
2287
2290
2290
2291
2293
2294
2294
2295
2296
2296
2296
2298
2301
2302
2302
2303
2304
2304
2305
2305
2307
2308
2310
2314
2315
2315
2316
2316
2317
2317
2317
2318
2321
2322
2323
2323
2325
2326
2327
2328
2329
2329
2330
2330
2330
2331
2335
2336
2336
2337
2338
2340
2340
2341
2344
2346
2346
2349
2350
2351
2352
2353
2355
2357
2358
2360
2360
2361
2362
2363
2363
2365
2365
2367
2369
2369
2371
2372
2372
2375
2375
2376
2378
2380
2381
2383
2383
2383
2384
2385
2388
2390
2390
2391
2391
2394
2397
2398
2399
2401
2401
2402
2405
2410
2412
2413
2413
2414
2415
2416
2417
2418
2419
2419
2420
2421
2422
2423
2423
2425
2425
2425
2425
2426
2427
2428
2428
2428
2429
2430
2430
2431
2432
2433
2434
2434
2435
2435
2436
2436
2437
2439
2441
2442
2442
2444
2445
2448
2449
2450
2450
2450
2451
2453
2454
2454
2455
2458
2460
2461
2461
2465
2466
2466
2468
2472
2472
2473
2474
2475
2475
2477
2478
2478
2479
2480
2480
2482
2483
2483
2485
2486
2487
2487
2488
2488
2489
2491
2491
2492
2492
2494
2494
2495
2495
2496
2497
2498
2499
2501
2501
2502
2502
2502
2503
2504
2504
2505
2507
2507
2511
2512
2512
2512
2514
2514
2517
2519
2521
2524
2524
2524
2524
2524
2524
2524
2525
2526
2526
2527
2527
2527
2528
2529
2530
2530
2531
2531
2532
2533
2534
2534
2538
2539
2539
2539
2542
2543
2544
2544
2544
2546
2546
2548
2549
2549
2550
2550
2552
2554
2554
2555
2555
2556
2557
2558
2558
2559
2560
2564
2564
2564
2566
2567
2568
2568
2569
2569
2571
2572
2573
2573
2573
2575
2575
2577
2578
2578
2579
2580
2580
2581
2582
2585
2585
2586
2586
2587
2587
2587
2587
2588
2589
2589
2590
2590
2592
2593
2595
2598
2604
2605
2605
2606
2607
2608
2608
2611
2615
2615
2616
2616
2618
2618
2620
2620
2622
2623
2623
2623
2630
2632
2632
2633
2633
2634
2635
2635
2636
2637
2638
2639
2640
2642
2643
2644
2644
2645
2646
2646
2647
2648
2649
2651
2651
2652
2653
2655
2655
2656
2657
2658
2660
2660
2660
2663
2664
2666
2666
2667
2668
2670
2670
2670
2671
2671
2671
2673
2673
2673
2674
2674
2674
2678
2678
2679
2680
2680
2684
2684
2685
2686
2687
2687
2687
2688
2688
2688
2689
2689
2690
2692
2696
2698
2700
2700
2701
2701
2704
2704
2705
2707
2710
2710
2710
2712
2712
2713
2713
2715
2715
2716
2716
2716
2717
2722
2722
2723
2723
2725
2725
2727
2727
2728
2728
2730
2730
2732
2733
2736
2736
2736
2736
2736
2737
2737
2737
2740
2740
2741
2741
2742
2744
2745
2746
2748
2748
2751
2752
2753
2753
2755
2755
2755
2755
2756
2757
2758
2761
2766
2766
2767
2768
2769
2769
2770
2770
2771
2771
2772
2773
2773
2773
2774
2775
2775
2777
2778
2778
2779
2782
2783
2785
2785
2786
2787
2789
2789
2790
2790
2791
2791
2791
2791
2795
2797
2797
2799
2806
2807
2808
2809
2810
2811
2814
2818
2821
2822
2824
2825
2826
2826
2829
2830
2831
2831
2833
2833
2833
2835
2835
2837
2837
2837
2837
2837
2837
2838
2839
2841
2841
2841
2842
2846
2847
2847
2849
2849
2849
2850
2850
2852
2854
2854
2856
2857
2858
2858
2860
2861
2861
2861
2866
2867
2870
2870
2872
2872
2872
2872
2874
2875
2876
2876
2877
2878
2879
2879
2879
2880
2881
2881
2882
2883
2883
2884
2885
2886
2886
2886
2888
2889
2889
2889
2891
2891
2892
2894
2895
2895
2897
2898
2898
2899
2900
2900
2902
2908
2908
2908
2908
2909
2909
2912
2913
2913
2913
2915
2916
2916
2917
2919
2919
2919
2921
2922
2925
2929
2929
2930
2930
2931
2931
2932
2933
2933
2937
2938
2938
2939
2941
2943
2944
2947
2948
2949
2950
2951
2951
2951
2953
2954
2958
2958
2960
2961
2961
2962
2964
2966
2967
2968
2968
2968
2969
2969
2969
2969
2970
2970
2970
2972
2973
2973
2980
2980
2981
2982
2982
2983
2983
2984
2984
2985
2985
2985
2986
2988
2989
2989
2989
2990
2990
2992
2994
2995
2997
2997
2999
3000
3000
3001
3002
3003
3004
3008
3009
3011
3011
3012
3012
3015
3016
3017
3017
3018
3018
3018
3019
3020
3021
3023
3023
3024
3024
3025
3025
3029
3031
3033
3033
3033
3034
3036
3037
3037
3038
3039
3039
3040
3041
3042
3043
3044
3045
3047
3048
3050
3054
3055
3057
3058
3058
3058
3059
3059
3060
3061
3061
3061
3061
3063
3063
3064
3067
3068
3070
3070
3072
3072
3073
3074
3076
3078
3078
3079
3079
3079
3081
3081
3082
3087
3089
3089
3091
3092
3092
3094
3094
3095
3097
3099
3100
3104
3104
3106
3109
3109
3110
3110
3110
3112
3112
3113
3114
3114
3114
3116
3116
3116
3118
3120
3122
3124
3127
3127
3127
3128
3128
3129
3130
3130
3131
3132
3132
3133
3134
3134
3135
3136
3137
3138
3139
3139
3139
3140
3141
3141
3142
3144
3145
3146
3146
3148
3148
3148
3149
3150
3150
3151
3151
3152
3153
3153
3155
3156
3156
3157
3157
3157
3158
3162
3162
3162
3163
3163
3167
3168
3169
3170
3170
3170
3171
3172
3172
3172
3173
3175
3175
3176
3176
3179
3179
3179
3180
3181
3182
3183
3183
3184
3185
3185
3186
3191
3194
3194
3196
3196
3197
3197
3199
3199
3200
3200
3203
3204
3204
3205
3206
3206
3206
3207
3208
3209
3210
3210
3211
3211
3212
3212
3212
3213
3213
3214
3214
3216
3217
3220
3222
3222
3222
3222
3223
3223
3224
3225
3226
3226
3228
3228
3229
3233
3233
3234
3237
3238
3238
3239
3239
3241
3241
3245
3245
3245
3245
3246
3246
3247
3247
3247
3248
3248
3250
3250
3252
3254
3254
3256
3256
3257
3258
3263
3263
3263
3263
3266
3267
3268
3268
3270
3270
3270
3271
3272
3272
3273
3273
3274
3275
3275
3276
3278
3278
3279
3281
3282
3283
3283
3283
3284
3286
3286
3286
3287
3287
3288
3292
3294
3294
3295
3296
3297
3297
3300
3300
3301
3302
3303
3303
3304
3304
3307
3308
3310
3310
3311
3317
3317
3318
3321
3321
3322
3323
3323
3323
3324
3327
3330
3331
3332
3333
3333
3334
3334
3337
3337
3338
3338
3339
3341
3341
3341
3342
3342
3342
3343
3344
3344
3345
3346
3348
3349
3350
3350
3351
3354
3356
3358
3358
3358
3359
3361
3361
3362
3366
3366
3368
3368
3369
3372
3372
3374
3375
3375
3375
3376
3377
3379
3380
3381
3381
3385
3386
3386
3387
3389
3389
3390
3393
3394
3394
3394
3396
3396
3400
3401
3401
3401
3402
3402
3403
3405
3408
3408
3410
3410
3413
3414
3414
3417
3418
3419
3419
3420
3422
3422
3423
3424
3424
3425
3425
3427
3427
3427
3427
3428
3429
3432
3434
3434
3435
3436
3436
3437
3438
3438
3439
3440
3441
3441
3443
3443
3444
3448
3449
3449
3450
3454
3456
3457
3458
3458
3462
3464
3464
3465
3468
3469
3470
3470
3472
3472
3473
3473
3473
3474
3474
3475
3475
3475
3477
3481
3481
3483
3483
3483
3484
3484
3484
3486
3486
3486
3487
3488
3488
3489
3491
3492
3493
3495
3496
3498
3500
3501
3502
3504
3506
3508
3509
3509
3510
3512
3513
3514
3514
3514
3515
3517
3518
3519
3519
3519
3519
3520
3520
3521
3522
3523
3523
3523
3524
3525
3527
3528
3528
3528
3529
3529
3532
3532
3532
3533
3533
3535
3536
3537
3538
3538
3540
3540
3540
3541
3542
3542
3542
3543
3543
3544
3544
3545
3545
3545
3545
3545
3546
3546
3547
3547
3549
3549
3553
3553
3555
3557
3557
3557
3558
3561
3561
3561
3562
3563
3564
3565
3566
3566
3569
3570
3573
3574
3576
3578
3578
3578
3579
3580
3580
3580
3581
3581
3585
3586
3586
3586
3586
3588
3589
3592
3593
3593
3594
3595
3596
3596
3598
3598
3598
3599
3606
3606
3608
3612
3612
3612
3613
3613
3613
3614
3615
3616
3617
3618
3618
3619
3620
3621
3621
3621
3622
3623
3623
3623
3626
3627
3627
3629
3630
3631
3631
3631
3633
3633
3634
3634
3635
3635
3635
3636
3637
3638
3640
3641
3641
3642
3643
3643
3645
3646
3646
3647
3648
3649
3650
3650
3651
3652
3653
3654
3655
3655
3657
3658
3660
3661
3662
3663
3664
3664
3666
3666
3668
3669
3671
3672
3675
3676
3676
3677
3677
3679
3680
3685
3686
3688
3688
3689
3689
3691
3691
3692
3694
3696
3697
3697
3697
3699
3705
3706
3707
3708
3710
3712
3713
3713
3714
3715
3715
3715
3716
3716
3716
3718
3719
3721
3722
3722
3722
3725
3725
3727
3727
3728
3730
3730
3732
3732
3735
3737
3738
3739
3740
3741
3742
3742
3746
3746
3747
3748
3748
3750
3751
3754
3754
3755
3756
3759
3759
3759
3760
3761
3763
3764
3765
3768
3768
3768
3768
3770
3771
3772
3774
3775
3777
3778
3781
3782
3782
3783
3787
3787
3788
3788
3788
3792
3794
3794
3796
3796
3797
3797
3799
3799
3801
3802
3805
3805
3806
3807
3808
3808
3808
3809
3811
3814
3814
3815
3815
3817
3818
3819
3821
3822
3823
3823
3825
3826
3828
3828
3828
3829
3830
3833
3833
3834
3835
3836
3838
3838
3839
3839
3839
3839
3841
3841
3842
3842
3842
3842
3844
3845
3846
3846
3846
3847
3850
3850
3851
3852
3852
3853
3853
3855
3859
3861
3861
3861
3862
3862
3863
3863
3863
3864
3865
3865
3865
3866
3867
3868
3870
3870
3871
3871
3872
3873
3874
3875
3877
3877
3877
3879
3879
3879
3881
3882
3882
3887
3890
3892
3892
3893
3894
3895
3896
3899
3901
3901
3901
3902
3902
3907
3907
3908
3909
3911
3911
3912
3918
3918
3919
3919
3920
3922
3922
3924
3924
3924
3926
3927
3929
3931
3932
3932
3934
3934
3935
3935
3936
3936
3938
3938
3938
3939
3941
3941
3943
3943
3943
3945
3945
3946
3947
3949
3949
3951
3953
3955
3956
3957
3958
3959
3959
3960
3961
3964
3966
3966
3967
3967
3968
3968
3970
3971
3971
3973
3973
3973
3974
3974
3977
3977
3979
3980
3980
3981
3981
3981
3981
3983
3983
3987
3988
3988
3988
3989
3990
3990
3992
3992
3992
3992
3993
3993
3995
3996
3996
3997
4000
4002
4003
4004
4005
4006
4007
4009
4009
4010
4010
4011
4012
4013
4016
4020
4023
4023
4023
4023
4024
4025
4027
4028
4029
4029
4030
4034
4034
4036
4037
4038
4040
4040
4041
4041
4042
4043
4045
4045
4045
4046
4046
4047
4048
4048
4052
4054
4054
4054
4054
4055
4055
4056
4056
4060
4060
4061
4063
4063
4064
4064
4066
4066
4068
4069
4071
4072
4072
4073
4073
4075
4076
4077
4077
4077
4079
4079
4079
4080
4081
4081
4082
4082
4084
4085
4086
4086
4089
4089
4089
4094
4094
4095
4096
4096
4097
4098
4099
4099
4100
4100
4101
4102
4103
4105
4107
4108
4108
4109
4110
4111
4112
4113
4113
4116
4118
4118
4118
4119
4120
4121
4124
4124
4126
4127
4128
4128
4129
4132
4133
4133
4133
4135
4135
4136
4137
4137
4138
4140
4141
4142
4143
4145
4145
4146
4148
4148
4149
4150
4150
4151
4151
4151
4152
4152
4152
4153
4153
4154
4154
4157
4157
4157
4160
4162
4163
4163
4165
4165
4167
4167
4167
4168
4168
4168
4170
4172
4172
4174
4176
4176
4177
4178
4179
4181
4182
4182
4182
4183
4183
4183
4184
4186
4186
4188
4189
4190
4190
4190
4192
4193
4196
4196
4197
4197
4199
4199
4202
4203
4204
4205
4205
4206
4206
4207
4207
4209
4210
4211
4212
4214
4215
4216
4217
4217
4218
4220
4221
4221
4224
4225
4226
4227
4228
4230
4234
4234
4235
4238
4238
4239
4240
4240
4241
4242
4243
4243
4244
4245
4245
4252
4253
4254
4255
4256
4256
4257
4258
4258
4260
4262
4265
4265
4266
4267
4267
4270
4271
4271
4272
4272
4276
4279
4279
4279
4282
4286
4287
4287
4288
4290
4290
4291
4292
4293
4294
4294
4294
4300
4300
4300
4301
4301
4302
4304
4305
4306
4307
4308
4308
4309
4311
4312
4315
4316
4317
4317
4318
4318
4318
4321
4321
4325
4326
4326
4326
4327
4327
4332
4333
4337
4337
4338
4338
4338
4338
4339
4339
4339
4339
4339
4340
4340
4340
4340
4341
4341
4342
4342
4346
4347
4347
4348
4348
4350
4350
4352
4353
4353
4354
4354
4355
4356
4356
4357
4359
4362
4363
4364
4364
4364
4364
4365
4365
4365
4366
4368
4370
4370
4371
4372
4374
4375
4378
4380
4380
4383
4384
4385
4388
4389
4389
4391
4392
4394
4395
4395
4395
4396
4397
4400
4400
4402
4403
4404
4404
4404
4405
4405
4405
4405
4407
4408
4409
4409
4409
4412
4413
4413
4416
4416
4417
4422
4426
4428
4429
4429
4430
4430
4430
4432
4432
4434
4436
4438
4439
4439
4440
4440
4441
4444
4447
4447
4447
4450
4451
4453
4453
4454
4457
4458
4459
4459
4460
4460
4461
4461
4461
4461
4462
4463
4463
4464
4464
4465
4465
4467
4467
4468
4468
4468
4469
4470
4471
4471
4471
4472
4473
4473
4474
4475
4475
4475
4475
4476
4477
4477
4478
4478
4478
4479
4479
4480
4480
4482
4482
4482
4484
4484
4485
4486
4487
4487
4487
4487
4491
4492
4493
4494
4494
4494
4496
4496
4498
4499
4500
4501
4504
4507
4508
4508
4508
4508
4510
4511
4513
4516
4516
4518
4519
4519
4520
4520
4520
4521
4521
4522
4523
4525
4525
4526
4526
4528
4529
4534
4535
4535
4537
4537
4538
4543
4544
4544
4545
4549
4551
4552
4552
4552
4554
4554
4554
4554
4556
4556
4557
4557
4562
4562
4566
4566
4569
4569
4570
4570
4572
4572
4573
4575
4576
4577
4577
4578
4578
4578
4580
4580
4581
4581
4582
4583
4583
4583
4585
4587
4588
4588
4590
4590
4591
4591
4594
4594
4596
4597
4597
4597
4597
4598
4598
4599
4599
4601
4602
4603
4603
4604
4604
4604
4605
4606
4606
4606
4609
4609
4611
4612
4612
4617
4619
4620
4621
4622
4623
4624
4625
4629
4630
4630
4630
4632
4632
4632
4634
4634
4635
4635
4635
4636
4639
4639
4639
4641
4641
4642
4643
4645
4645
4646
4647
4650
4651
4652
4652
4656
4658
4658
4660
4660
4661
4662
4664
4665
4667
4667
4670
4670
4671
4672
4673
4674
4675
4675
4675
4677
4677
4677
4679
4680
4681
4681
4683
4684
4685
4686
4688
4689
4693
4694
4694
4695
4696
4696
4696
4697
4699
4701
4702
4702
4704
4707
4708
4711
4712
4712
4713
4714
4715
4715
4716
4718
4722
4724
4725
4726
4726
4727
4727
4729
4729
4731
4731
4733
4734
4734
4734
4735
4735
4736
4737
4738
4739
4740
4740
4740
4741
4742
4744
4747
4751
4751
4752
4752
4753
4753
4754
4755
4757
4757
4758
4759
4760
4765
4765
4766
4768
4768
4768
4769
4769
4772
4772
4772
4773
4773
4776
4777
4778
4779
4779
4781
4783
4784
4785
4787
4789
4789
4790
4791
4796
4797
4799
4801
4805
4805
4805
4805
4806
4807
4807
4808
4808
4809
4811
4812
4812
4813
4813
4814
4815
4816
4817
4818
4818
4819
4820
4821
4827
4828
4828
4828
4828
4830
4831
4832
4832
4833
4833
4833
4835
4836
4836
4837
4838
4838
4839
4839
4839
4839
4839
4840
4840
4841
4845
4846
4846
4846
4848
4849
4850
4850
4850
4851
4851
4852
4855
4856
4856
4857
4857
4859
4860
4860
4861
4862
4863
4863
4866
4867
4867
4868
4869
4869
4872
4872
4873
4874
4876
4877
4877
4878
4878
4879
4879
4881
4882
4882
4882
4882
4885
4886
4886
4888
4890
4890
4894
4895
4897
4897
4898
4898
4899
4899
4900
4901
4903
4903
4903
4905
4907
4909
4909
4909
4909
4910
4910
4911
4915
4916
4917
4919
4920
4921
4922
4922
4923
4923
4923
4923
4924
4925
4925
4925
4927
4928
4928
4928
4929
4929
4929
4929
4930
4931
4932
4932
4933
4935
4936
4936
4937
4938
4938
4938
4939
4939
4939
4940
4940
4941
4942
4944
4944
4946
4949
4954
4955
4956
4956
4957
4957
4958
4958
4963
4963
4965
4966
4966
4967
4969
4972
4974
4975
4975
4976
4978
4980
4981
4981
4981
4982
4983
4984
4985
4985
4985
4985
4986
4986
4986
4986
4988
4989
4989
4991
4992
4993
4993
4994
4995
4997
4997
5000
5001
5001
5002
5003
5004
5005
5006
5006
5006
5007
5008
5009
5011
5012
5013
5013
5013
5013
5015
5015
5017
5017
5019
5020
5023
5024
5026
5027
5028
5029
5030
5030
5031
5031
5031
5031
5032
5034
5034
5035
5035
5035
5036
5036
5040
5040
5040
5040
5042
5045
5046
5047
5052
5053
5053
5055
5056
5056
5057
5058
5059
5059
5059
5060
5060
5060
5062
5062
5064
5064
5065
5066
5066
5069
5070
5075
5076
5077
5078
5081
5082
5084
5088
5089
5090
5090
5090
5094
5094
5095
5095
5097
5097
5098
5099
5100
5100
5101
5101
5101
5101
5102
5102
5105
5105
5105
5108
5108
5108
5109
5109
5111
5114
5116
5117
5119
5120
5121
5121
5123
5124
5126
5126
5128
5129
5131
5132
5133
5133
5134
5134
5134
5134
5135
5136
5137
5137
5137
5138
5139
5141
5142
5142
5143
5144
5145
5146
5148
5149
5149
5151
5152
5152
5153
5155
5155
5155
5158
5159
5159
5161
5162
5162
5163
5164
5165
5166
5167
5167
5169
5171
5173
5173
5176
5176
5177
5181
5181
5181
5183
5184
5185
5186
5186
5187
5188
5190
5191
5192
5194
5195
5196
5199
5205
5205
5205
5206
5206
5206
5207
5212
5213
5214
5216
5217
5218
5221
5223
5223
5224
5225
5226
5227
5229
5231
5232
5233
5236
5237
5238
5239
5240
5240
5242
5242
5243
5243
5244
5244
5245
5245
5247
5247
5247
5249
5250
5254
5255
5256
5259
5259
5259
5259
5260
5261
5262
5263
5263
5264
5265
5266
5266
5266
5267
5268
5268
5270
5270
5270
5271
5272
5272
5273
5275
5276
5276
5276
5278
5278
5281
5283
5283
5283
5284
5285
5285
5287
5287
5288
5289
5290
5291
5291
5293
5294
5294
5295
5297
5298
5298
5301
5301
5302
5303
5305
5305
5307
5308
5308
5309
5309
5310
5310
5311
5312
5313
5315
5316
5316
5323
5326
5326
5329
5329
5329
5330
5332
5332
5333
5335
5335
5337
5339
5339
5340
5340
5343
5343
5345
5348
5352
5353
5353
5354
5356
5357
5357
5358
5358
5359
5360
5360
5361
5362
5363
5363
5364
5365
5366
5366
5368
5369
5370
5372
5372
5373
5374
5375
5376
5380
5383
5384
5389
5389
5391
5394
5394
5397
5399
5399
5399
5401
5403
5403
5403
5403
5404
5408
5408
5409
5410
5413
5413
5414
5416
5419
5420
5420
5420
5422
5423
5423
5424
5426
5426
5427
5429
5432
5434
5434
5435
5436
5436
5440
5440
5441
5441
5442
5442
5443
5443
5447
5449
5451
5451
5452
5453
5454
5455
5456
5456
5458
5458
5459
5460
5462
5462
5463
5463
5464
5464
5468
5469
5469
5470
5471
5472
5474
5475
5475
5478
5479
5480
5480
5481
5482
5482
5486
5486
5487
5488
5490
5492
5493
5493
5493
5493
5494
5496
5496
5500
5503
5505
5507
5507
5507
5509
5509
5510
5511
5513
5513
5513
5514
5514
5515
5515
5517
5517
5517
5519
5519
5519
5521
5523
5525
5528
5529
5529
5529
5532
5533
5534
5536
5537
5537
5537
5539
5540
5542
5543
5544
5545
5546
5548
5548
5550
5551
5552
5554
5555
5556
5557
5558
5558
5561
5561
5561
5561
5561
5562
5562
5562
5563
5565
5566
5567
5569
5571
5574
5574
5575
5575
5576
5577
5578
5578
5579
5579
5580
5582
5584
5585
5585
5589
5590
5593
5593
5594
5594
5596
5598
5598
5600
5601
5602
5602
5605
5605
5606
5606
5607
5607
5611
5611
5612
5614
5615
5616
5618
5619
5621
5622
5623
5624
5624
5625
5626
5627
5627
5627
5628
5628
5629
5630
5632
5634
5635
5636
5637
5637
5638
5641
5643
5646
5649
5651
5652
5652
5653
5654
5655
5655
5658
5661
5662
5663
5664
5665
5666
5669
5669
5670
5673
5673
5674
5675
5676
5676
5681
5682
5682
5683
5684
5685
5686
5688
5688
5689
5689
5689
5690
5694
5694
5695
5695
5696
5697
5700
5704
5704
5705
5706
5709
5710
5712
5713
5714
5715
5718
5719
5720
5720
5722
5723
5726
5727
5727
5728
5728
5728
5731
5734
5734
5735
5736
5737
5738
5740
5740
5741
5743
5744
5746
5746
5747
5747
5747
5748
5748
5748
5749
5749
5750
5751
5753
5753
5753
5754
5755
5756
5756
5758
5758
5758
5759
5760
5760
5760
5761
5762
5762
5763
5763
5763
5763
5765
5765
5767
5767
5767
5769
5771
5771
5772
5774
5774
5775
5775
5776
5776
5778
5779
5780
5781
5781
5781
5782
5783
5786
5786
5788
5788
5789
5789
5790
5792
5793
5793
5794
5796
5797
5797
5799
5802
5802
5803
5803
5805
5805
5806
5806
5808
5808
5810
5811
5813
5813
5816
5817
5817
5817
5817
5818
5819
5820
5821
5822
5822
5826
5827
5830
5831
5832
5833
5834
5836
5839
5840
5841
5841
5843
5844
5844
5844
5845
5845
5847
5848
5851
5852
5853
5854
5855
5855
5857
5859
5859
5860
5860
5861
5861
5863
5864
5866
5867
5867
5870
5870
5871
5871
5872
5874
5876
5877
5879
5879
5879
5880
5882
5883
5884
5885
5886
5887
5890
5890
5892
5892
5893
5897
5898
5898
5899
5903
5904
5905
5908
5910
5911
5912
5914
5915
5916
5916
5920
5920
5922
5925
5925
5925
5925
5926
5926
5927
5927
5930
5931
5935
5937
5937
5938
5939
5941
5944
5944
5944
5949
5949
5949
5949
5949
5951
5951
5951
5955
5955
5956
5958
5958
5959
5960
5963
5963
5964
5965
5965
5966
5966
5966
5967
5967
5968
5970
5970
5971
5972
5978
5980
5980
5981
5982
5983
5983
5983
5986
5988
5988
5991
5991
5991
5991
5992
5992
5992
5993
5993
5995
5995
5996
5998
5998
5999
6001
6002
6004
6006
6011
6011
6011
6012
6012
6013
6013
6014
6014
6015
6016
6017
6019
6019
6022
6022
6024
6025
6026
6027
6028
6028
6029
6030
6033
6034
6034
6038
6039
6039
6041
6041
6043
6044
6045
6045
6048
6048
6049
6049
6050
6052
6057
6058
6058
6059
6060
6060
6064
6067
6068
6068
6068
6069
6070
6070
6070
6071
6072
6073
6074
6075
6075
6075
6075
6075
6076
6076
6076
6078
6079
6079
6079
6080
6080
6081
6081
6082
6082
6083
6084
6086
6087
6087
6090
6090
6090
6091
6091
6092
6092
6093
6093
6094
6094
6095
6095
6096
6099
6100
6102
6104
6104
6105
6106
6108
6108
6109
6109
6110
6112
6112
6113
6113
6114
6115
6115
6117
6117
6118
6119
6121
6121
6122
6123
6123
6125
6126
6126
6131
6132
6132
6133
6134
6134
6136
6138
6138
6139
6139
6139
6140
6142
6143
6145
6146
6147
6147
6148
6148
6148
6149
6151
6151
6152
6153
6153
6155
6155
6156
6158
6159
6160
6161
6162
6163
6164
6165
6168
6170
6170
6172
6172
6173
6174
6175
6177
6177
6178
6178
6178
6179
6180
6181
6181
6183
6184
6184
6184
6185
6186
6187
6187
6188
6189
6190
6190
6191
6191
6192
6193
6195
6195
6199
6200
6201
6202
6202
6204
6204
6204
6204
6205
6206
6207
6207
6207
6208
6208
6209
6210
6210
6213
6213
6214
6215
6215
6215
6216
6216
6217
6217
6217
6218
6220
6223
6224
6224
6224
6225
6226
6226
6226
6227
6229
6230
6231
6231
6232
6233
6235
6236
6237
6237
6238
6238
6239
6240
6241
6242
6242
6242
6244
6246
6249
6250
6250
6252
6254
6255
6255
6258
6258
6261
6262
6262
6263
6264
6266
6266
6267
6268
6269
6272
6273
6274
6274
6274
6274
6274
6275
6275
6277
6277
6279
6279
6283
6283
6284
6284
6285
6287
6287
6288
6290
6290
6291
6292
6293
6294
6294
6295
6295
6295
6296
6297
6298
6299
6300
6300
6300
6300
6301
6302
6303
6304
6305
6306
6306
6307
6307
6308
6309
6311
6311
6311
6313
6314
6314
6314
6315
6317
6319
6319
6319
6319
6320
6321
6321
6323
6325
6325
6329
6330
6331
6332
6332
6333
6333
6334
6339
6339
6342
6342
6344
6346
6348
6348
6350
6353
6355
6355
6357
6359
6360
6361
6364
6364
6364
6367
6367
6368
6368
6370
6371
6371
6373
6374
6376
6376
6377
6377
6378
6378
6379
6380
6380
6381
6385
6386
6386
6387
6388
6388
6388
6389
6391
6392
6392
6393
6393
6395
6397
6402
6402
6402
6402
6403
6403
6404
6404
6405
6405
6406
6408
6409
6410
6410
6411
6412
6413
6415
6415
6416
6416
6419
6420
6421
6422
6424
6425
6425
6426
6427
6428
6429
6429
6430
6430
6430
6432
6432
6433
6434
6434
6435
6435
6435
6435
6436
6440
6443
6443
6445
6445
6445
6445
6451
6453
6453
6454
6456
6456
6458
6458
6461
6462
6462
6463
6463
6465
6466
6466
6466
6468
6469
6469
6469
6470
6471
6471
6471
6472
6472
6474
6475
6476
6476
6478
6480
6481
6482
6483
6483
6485
6487
6488
6489
6490
6491
6492
6492
6493
6493
6496
6500
6500
6500
6500
6501
6501
6502
6502
6504
6504
6505
6505
6506
6506
6509
6511
6512
6512
6513
6516
6518
6520
6521
6523
6523
6526
6527
6530
6530
6531
6531
6532
6533
6533
6533
6536
6537
6538
6538
6538
6538
6538
6540
6541
6542
6542
6543
6543
6544
6545
6545
6546
6547
6547
6549
6550
6551
6552
6552
6554
6555
6555
6555
6556
6557
6558
6558
6558
6560
6560
6561
6564
6564
6564
6567
6574
6575
6576
6576
6577
6577
6579
6580
6581
6581
6582
6582
6582
6582
6583
6584
6585
6585
6586
6588
6591
6594
6596
6596
6599
6599
6600
6601
6601
6602
6603
6605
6606
6607
6608
6610
6611
6611
6612
6616
6617
6617
6617
6617
6618
6619
6619
6621
6621
6622
6622
6623
6624
6625
6626
6628
6630
6630
6633
6633
6634
6635
6636
6639
6640
6640
6640
6640
6642
6645
6645
6646
6646
6648
6648
6649
6649
6651
6653
6656
6657
6660
6660
6664
6664
6665
6666
6666
6667
6667
6668
6669
6670
6670
6671
6672
6672
6675
6675
6679
6679
6681
6681
6681
6682
6684
6688
6689
6690
6691
6693
6693
6693
6696
6698
6699
6699
6700
6701
6703
6703
6704
6704
6705
6707
6708
6709
6709
6711
6712
6713
6715
6716
6716
6717
6718
6719
6719
6720
6720
6720
6723
6725
6727
6727
6728
6728
6729
6729
6729
6730
6732
6733
6734
6734
6735
6735
6735
6736
6737
6739
6740
6740
6741
6743
6744
6745
6748
6748
6749
6749
6750
6751
6752
6753
6755
6755
6755
6756
6758
6758
6758
6758
6759
6759
6760
6761
6762
6762
6763
6766
6766
6766
6767
6767
6768
6771
6771
6773
6773
6774
6774
6774
6774
6775
6775
6776
6777
6782
6783
6785
6785
6786
6787
6788
6789
6791
6791
6791
6791
6792
6793
6794
6794
6795
6795
6796
6797
6798
6799
6801
6802
6803
6803
6806
6806
6806
6808
6808
6810
6810
6811
6814
6816
6817
6819
6820
6821
6821
6821
6822
6822
6826
6827
6828
6828
6828
6830
6830
6832
6833
6834
6834
6834
6836
6836
6837
6837
6838
6838
6839
6840
6841
6841
6841
6843
6846
6849
6851
6853
6853
6853
6853
6854
6855
6855
6855
6856
6856
6857
6858
6858
6859
6859
6862
6867
6867
6868
6870
6872
6873
6873
6874
6874
6874
6875
6875
6875
6881
6882
6884
6884
6885
6885
6889
6893
6894
6894
6895
6896
6896
6897
6897
6900
6900
6900
6900
6900
6901
6901
6902
6902
6902
6902
6903
6904
6904
6907
6907
6908
6909
6911
6912
6913
6914
6915
6918
6924
6924
6925
6929
6929
6929
6930
6930
6930
6933
6933
6934
6935
6935
6937
6937
6940
6940
6942
6943
6944
6944
6946
6946
6946
6947
6949
6950
6950
6951
6951
6952
6953
6953
6955
6957
6958
6959
6959
6962
6963
6963
6965
6966
6968
6968
6969
6970
6970
6970
6971
6971
6971
6972
6976
6977
6977
6978
6981
6982
6982
6983
6985
6986
6987
6987
6987
6989
6990
6992
6995
6996
6996
6996
6997
6997
6999
7000
7001
7001
7002
7003
7003
7004
7004
7005
7006
7008
7010
7011
7013
7013
7014
7014
7015
7016
7019
7019
7020
7020
7023
7027
7027
7028
7029
7031
7032
7034
7036
7039
7039
7040
7040
7041
7045
7047
7047
7051
7053
7054
7054
7055
7056
7056
7056
7057
7059
7060
7060
7060
7060
7061
7063
7064
7066
7067
7069
7069
7071
7071
7071
7072
7072
7073
7073
7073
7075
7075
7076
7077
7077
7078
7079
7080
7080
7080
7081
7085
7085
7086
7086
7088
7089
7090
7090
7092
7092
7093
7094
7094
7094
7097
7098
7098
7098
7100
7105
7106
7106
7106
7107
7111
7112
7112
7113
7113
7114
7114
7115
7115
7115
7117
7118
7120
7120
7121
7122
7124
7125
7125
7126
7127
7128
7128
7128
7129
7130
7133
7133
7133
7134
7134
7135
7136
7139
7141
7142
7144
7144
7144
7145
7145
7145
7147
7147
7148
7148
7149
7151
7151
7153
7154
7154
7155
7155
7156
7157
7157
7158
7161
7162
7162
7163
7164
7164
7165
7166
7166
7167
7168
7168
7169
7170
7170
7171
7171
7172
7174
7174
7175
7177
7180
7180
7180
7182
7183
7184
7184
7186
7187
7188
7188
7188
7189
7192
7193
7194
7194
7194
7195
7195
7198
7198
7202
7203
7203
7205
7208
7209
7209
7210
7214
7215
7215
7216
7217
7218
7219
7219
7220
7220
7221
7222
7223
7224
7225
7226
7226
7227
7228
7231
7236
7240
7241
7242
7242
7243
7244
7244
7245
7245
7245
7248
7248
7249
7250
7252
7254
7257
7257
7258
7259
7259
7262
7264
7265
7265
7266
7268
7268
7270
7271
7271
7272
7273
7274
7274
7274
7275
7275
7277
7278
7278
7279
7280
7280
7280
7280
7282
7283
7283
7286
7287
7288
7288
7288
7289
7289
7291
7292
7292
7292
7293
7295
7298
7300
7302
7302
7304
7305
7305
7307
7308
7308
7309
7310
7310
7311
7311
7312
7314
7314
7314
7315
7317
7318
7319
7319
7320
7322
7323
7323
7324
7327
7328
7330
7331
7333
7333
7336
7338
7338
7340
7341
7341
7341
7342
7346
7346
7351
7352
7353
7353
7353
7353
7354
7356
7360
7363
7366
7366
7369
7369
7371
7371
7372
7372
7374
7374
7376
7377
7378
7386
7387
7387
7388
7393
7393
7394
7395
7395
7396
7396
7397
7399
7400
7400
7402
7402
7403
7404
7407
7407
7409
7410
7411
7411
7412
7412
7412
7412
7413
7413
7415
7416
7417
7418
7418
7419
7419
7422
7422
7424
7425
7430
7430
7430
7430
7430
7432
7432
7435
7436
7437
7438
7438
7439
7440
7443
7444
7445
7445
7445
7445
7446
7446
7448
7448
7449
7449
7449
7449
7450
7453
7454
7455
7457
7457
7459
7461
7464
7465
7466
7466
7467
7469
7469
7469
7470
7470
7471
7471
7472
7472
7473
7473
7474
7474
7475
7475
7476
7477
7478
7478
7478
7479
7480
7481
7485
7486
7486
7486
7486
7488
7489
7491
7494
7497
7498
7498
7500
7500
7501
7501
7502
7502
7502
7503
7503
7505
7507
7508
7510
7511
7511
7514
7514
7516
7519
7519
7520
7521
7522
7523
7525
7526
7526
7527
7527
7528
7529
7532
7533
7534
7534
7537
7541
7542
7543
7543
7543
7544
7544
7544
7545
7545
7548
7549
7549
7550
7550
7550
7552
7552
7553
7554
7554
7555
7555
7556
7560
7561
7564
7564
7566
7568
7568
7568
7570
7572
7575
7575
7576
7576
7576
7577
7580
7581
7583
7583
7584
7584
7584
7587
7588
7588
7588
7589
7589
7590
7590
7591
7592
7593
7593
7595
7595
7598
7598
7599
7600
7601
7603
7603
7604
7604
7605
7606
7606
7607
7609
7610
7611
7611
7612
7613
7616
7618
7618
7619
7619
7620
7620
7620
7620
7623
7624
7626
7627
7629
7631
7631
7631
7632
7632
7635
7636
7636
7638
7639
7642
7642
7643
7644
7644
7647
7648
7648
7649
7650
7650
7650
7651
7652
7653
7656
7658
7659
7659
7661
7662
7662
7663
7665
7666
7666
7670
7671
7672
7672
7673
7675
7681
7683
7684
7685
7686
7688
7689
7689
7691
7694
7695
7695
7698
7698
7698
7699
7699
7700
7700
7700
7702
7703
7703
7704
7705
7705
7706
7707
7707
7707
7708
7709
7709
7709
7710
7710
7711
7711
7712
7713
7714
7714
7715
7715
7716
7719
7720
7728
7728
7729
7729
7729
7730
7734
7737
7738
7738
7739
7740
7741
7741
7743
7744
7745
7745
7746
7746
7746
7746
7747
7748
7750
7751
7754
7754
7755
7758
7761
7761
7764
7767
7768
7768
7770
7772
7772
7774
7775
7775
7777
7778
7778
7781
7781
7781
7782
7783
7783
7785
7786
7786
7788
7788
7789
7789
7792
7793
7794
7795
7796
7796
7798
7799
7800
7802
7802
7804
7804
7804
7805
7805
7807
7809
7812
7813
7814
7815
7816
7816
7817
7817
7818
7818
7819
7819
7820
7821
7823
7823
7824
7825
7826
7828
7829
7829
7829
7829
7830
7830
7830
7832
7832
7832
7834
7835
7836
7838
7839
7840
7841
7845
7846
7846
7847
7847
7847
7847
7847
7850
7850
7850
7851
7851
7852
7853
7853
7855
7856
7856
7857
7858
7859
7859
7861
7861
7863
7865
7868
7872
7873
7873
7874
7875
7875
7876
7877
7877
7877
7878
7878
7879
7879
7880
7880
7880
7881
7882
7883
7883
7885
7886
7886
7888
7890
7891
7892
7896
7896
7898
7901
7902
7902
7903
7903
7904
7905
7905
7906
7907
7907
7909
7909
7909
7912
7915
7916
7917
7919
7919
7920
7922
7923
7924
7924
7924
7926
7926
7931
7932
7933
7935
7935
7936
7938
7938
7941
7941
7942
7943
7943
7944
7944
7946
7947
7948
7948
7948
7949
7949
7950
7952
7953
7953
7957
7959
7959
7961
7961
7961
7962
7965
7966
7967
7968
7968
7969
7970
7971
7971
7972
7974
7975
7976
7976
7976
7981
7981
7982
7982
7983
7983
7984
7985
7986
7986
7986
7988
7989
7989
7990
7990
7990
7991
7993
7998
7998
7999
8001
8005
8005
8005
8006
8007
8007
8010
8012
8012
8012
8016
8016
8018
8018
8018
8019
8020
8021
8022
8022
8023
8023
8023
8025
8025
8026
8028
8028
8028
8029
8029
8030
8030
8030
8031
8032
8033
8033
8033
8036
8036
8036
8036
8039
8039
8040
8042
8043
8046
8046
8047
8048
8048
8049
8049
8049
8051
8054
8055
8055
8056
8057
8061
8062
8062
8063
8065
8065
8067
8068
8068
8068
8069
8069
8070
8071
8073
8073
8073
8075
8077
8077
8078
8078
8079
8079
8081
8083
8083
8084
8084
8085
8086
8086
8086
8087
8088
8088
8089
8090
8091
8094
8097
8098
8098
8099
8100
8101
8105
8105
8106
8106
8107
8108
8109
8109
8109
8110
8111
8112
8112
8114
8114
8114
8114
8116
8116
8116
8120
8121
8122
8124
8127
8127
8127
8129
8129
8130
8131
8131
8132
8133
8135
8135
8136
8137
8140
8140
8140
8140
8141
8142
8142
8143
8143
8144
8147
8148
8148
8149
8151
8151
8151
8154
8157
8160
8162
8162
8162
8162
8162
8164
8166
8166
8166
8168
8169
8169
8170
8170
8170
8170
8171
8172
8172
8173
8173
8175
8176
8176
8177
8178
8180
8181
8183
8183
8183
8184
8184
8184
8184
8185
8186
8187
8188
8190
8192
8193
8193
8194
8194
8195
8195
8195
8196
8198
8199
8199
8200
8201
8203
8204
8205
8206
8206
8206
8207
8207
8208
8209
8210
8211
8211
8212
8216
8216
8218
8219
8219
8220
8220
8221
8221
8222
8222
8225
8226
8226
8227
8229
8229
8231
8233
8234
8235
8235
8235
8236
8237
8239
8241
8241
8242
8242
8243
8244
8244
8246
8249
8249
8249
8250
8250
8250
8250
8251
8251
8253
8255
8255
8255
8256
8256
8257
8257
8259
8260
8260
8260
8261
8261
8262
8263
8264
8264
8264
8264
8264
8265
8267
8267
8268
8269
8269
8269
8270
8270
8270
8272
8273
8274
8274
8275
8278
8279
8279
8281
8282
8282
8283
8284
8285
8286
8286
8290
8290
8291
8292
8295
8295
8295
8295
8296
8297
8299
8301
8302
8302
8304
8304
8305
8308
8311
8311
8311
8313
8313
8314
8315
8315
8317
8317
8317
8321
8323
8324
8326
8328
8329
8329
8329
8330
8333
8334
8335
8335
8336
8337
8340
8341
8342
8342
8342
8342
8343
8346
8349
8350
8350
8351
8351
8353
8353
8353
8354
8359
8361
8361
8363
8363
8364
8365
8366
8366
8370
8370
8370
8370
8370
8371
8372
8373
8373
8374
8375
8376
8377
8378
8378
8379
8380
8381
8381
8382
8385
8386
8387
8388
8388
8389
8391
8391
8392
8394
8395
8395
8395
8397
8398
8399
8399
8402
8402
8403
8404
8405
8406
8407
8407
8408
8409
8409
8409
8410
8411
8412
8414
8415
8415
8415
8415
8415
8416
8416
8416
8417
8418
8418
8419
8420
8421
8422
8423
8425
8425
8425
8428
8432
8432
8433
8434
8435
8436
8441
8441
8441
8443
8443
8443
8444
8447
8448
8448
8449
8449
8449
8451
8451
8452
8452
8453
8455
8456
8456
8457
8459
8459
8460
8461
8464
8464
8465
8465
8468
8468
8470
8471
8474
8474
8475
8475
8476
8477
8477
8477
8477
8479
8480
8481
8482
8483
8483
8486
8486
8486
8486
8487
8490
8492
8492
8492
8493
8493
8494
8497
8499
8499
8500
8500
8501
8501
8502
8502
8502
8503
8504
8505
8506
8508
8508
8509
8509
8510
8511
8512
8513
8516
8517
8517
8519
8519
8521
8521
8521
8523
8523
8524
8524
8525
8526
8528
8529
8530
8530
8532
8532
8534
8535
8536
8536
8536
8537
8537
8538
8538
8540
8540
8541
8542
8546
8547
8548
8549
8551
8551
8553
8553
8554
8554
8554
8555
8558
8559
8562
8563
8565
8566
8566
8566
8566
8567
8568
8569
8569
8571
8572
8572
8574
8575
8577
8578
8578
8579
8579
8579
8583
8583
8585
8586
8587
8590
8591
8591
8594
8595
8595
8596
8597
8599
8600
8600
8600
8600
8601
8603
8603
8604
8604
8607
8608
8608
8608
8611
8611
8611
8612
8612
8612
8613
8613
8614
8614
8616
8617
8617
8617
8617
8618
8619
8621
8623
8623
8624
8625
8626
8626
8626
8627
8627
8628
8628
8630
8633
8634
8634
8635
8635
8636
8638
8641
8643
8646
8646
8646
8651
8651
8651
8651
8654
8655
8655
8655
8655
8656
8657
8657
8660
8660
8662
8663
8664
8665
8666
8666
8666
8668
8668
8669
8669
8673
8673
8674
8674
8675
8677
8678
8679
8681
8684
8686
8686
8687
8688
8689
8690
8690
8691
8691
8692
8692
8696
8699
8700
8700
8702
8702
8702
8703
8703
8704
8704
8704
8705
8705
8706
8707
8707
8708
8709
8710
8710
8711
8711
8712
8713
8714
8714
8716
8719
8719
8723
8723
8724
8726
8727
8728
8730
8731
8731
8733
8734
8734
8734
8735
8737
8738
8738
8739
8739
8740
8742
8744
8745
8745
8745
8746
8751
8751
8751
8753
8753
8755
8757
8757
8758
8758
8758
8759
8759
8759
8760
8760
8760
8761
8761
8761
8762
8765
8767
8769
8770
8773
8773
8773
8775
8776
8778
8778
8779
8779
8780
8781
8781
8781
8782
8785
8787
8788
8788
8791
8791
8792
8793
8794
8797
8797
8798
8799
8800
8801
8802
8802
8805
8806
8807
8807
8809
8810
8812
8813
8813
8813
8814
8814
8816
8818
8818
8821
8821
8823
8825
8826
8826
8828
8828
8828
8829
8829
8829
8831
8832
8833
8833
8833
8835
8836
8837
8838
8839
8839
8840
8840
8841
8842
8844
8844
8844
8845
8846
8847
8847
8848
8848
8848
8849
8850
8851
8851
8853
8853
8854
8856
8859
8861
8862
8862
8862
8865
8865
8865
8869
8869
8870
8870
8872
8872
8873
8875
8875
8876
8876
8877
8879
8879
8879
8880
8880
8881
8881
8882
8882
8883
8886
8886
8888
8888
8888
8891
8895
8895
8896
8896
8897
8897
8897
8898
8899
8901
8903
8908
8909
8911
8912
8914
8916
8916
8916
8918
8918
8919
8920
8920
8923
8923
8924
8924
8927
8928
8929
8929
8931
8932
8933
8935
8935
8935
8935
8935
8937
8938
8939
8940
8940
8941
8942
8943
8947
8947
8948
8948
8948
8949
8949
8953
8954
8955
8959
8959
8959
8959
8963
8963
8963
8966
8966
8966
8967
8967
8967
8969
8972
8972
8974
8976
8977
8979
8979
8979
8979
8979
8980
8985
8986
8987
8987
8987
8987
8988
8990
8990
8991
8992
8992
8992
8993
8994
8995
8995
8997
8999
9001
9002
9004
9004
9004
9006
9006
9006
9007
9009
9011
9011
9012
9012
9014
9015
9016
9017
9017
9018
9021
9022
9023
9023
9023
9025
9025
9027
9029
9031
9031
9032
9033
9034
9034
9036
9036
9038
9039
9039
9041
9043
9043
9043
9044
9046
9046
9048
9049
9049
9050
9050
9050
9051
9052
9053
9055
9055
9057
9059
9060
9061
9061
9063
9063
9064
9065
9065
9065
9065
9066
9066
9070
9071
9071
9073
9074
9075
9076
9077
9077
9078
9079
9083
9083
9084
9084
9086
9089
9090
9090
9092
9093
9096
9096
9096
9098
9099
9099
9100
9102
9103
9104
9106
9106
9107
9107
9109
9111
9112
9112
9113
9115
9119
9119
9119
9120
9121
9121
9124
9124
9124
9125
9125
9126
9128
9129
9129
9129
9130
9131
9133
9134
9134
9138
9138
9140
9143
9146
9148
9150
9152
9156
9158
9158
9160
9160
9162
9162
9163
9163
9164
9164
9166
9167
9170
9171
9172
9173
9174
9175
9177
9177
9178
9178
9181
9182
9183
9184
9184
9185
9186
9187
9189
9191
9191
9191
9193
9194
9195
9197
9198
9198
9198
9199
9200
9200
9201
9202
9203
9205
9205
9206
9208
9214
9214
9218
9219
9221
9224
9225
9225
9226
9230
9232
9236
9237
9237
9238
9239
9241
9242
9244
9246
9246
9247
9247
9248
9248
9248
9248
9249
9251
9251
9253
9254
9254
9256
9257
9258
9259
9259
9259
9261
9261
9263
9265
9266
9266
9268
9268
9269
9270
9270
9271
9271
9271
9273
9273
9274
9274
9275
9275
9277
9279
9282
9282
9288
9290
9291
9291
9292
9294
9294
9296
9297
9298
9299
9301
9302
9302
9304
9305
9306
9306
9307
9307
9309
9314
9314
9314
9316
9317
9318
9318
9321
9324
9325
9326
9328
9329
9329
9330
9330
9331
9332
9332
9332
9333
9334
9335
9337
9337
9338
9338
9339
9342
9343
9343
9344
9344
9345
9345
9346
9346
9346
9347
9348
9348
9351
9352
9352
9355
9356
9356
9357
9357
9358
9358
9358
9359
9360
9360
9361
9363
9365
9366
9366
9367
9372
9373
9374
9374
9379
9379
9380
9380
9381
9383
9383
9385
9386
9388
9390
9390
9391
9391
9391
9392
9393
9393
9393
9394
9394
9395
9395
9395
9396
9398
9398
9398
9401
9402
9402
9405
9405
9405
9406
9406
9408
9409
9410
9410
9411
9411
9411
9412
9413
9415
9416
9419
9419
9422
9423
9423
9424
9425
9425
9425
9426
9426
9427
9428
9428
9430
9430
9431
9431
9432
9434
9435
9435
9435
9436
9437
9437
9439
9440
9440
9440
9440
9440
9440
9440
9441
9441
9444
9445
9445
9446
9447
9447
9451
9452
9452
9453
9453
9454
9456
9457
9457
9458
9459
9459
9459
9460
9461
9461
9462
9462
9463
9463
9463
9464
9464
9466
9468
9468
9468
9469
9473
9473
9475
9475
9475
9477
9478
9479
9479
9480
9480
9481
9481
9482
9482
9483
9484
9484
9484
9484
9485
9485
9485
9485
9486
9487
9487
9487
9487
9490
9491
9492
9492
9492
9493
9493
9493
9493
9494
9494
9494
9494
9496
9496
9498
9499
9501
9501
9501
9503
9504
9505
9505
9507
9509
9510
9511
9512
9512
9512
9513
9514
9516
9522
9522
9524
9524
9526
9528
9529
9531
9532
9532
9535
9535
9536
9539
9540
9541
9543
9544
9545
9546
9546
9547
9547
9549
9550
9550
9552
9552
9554
9554
9555
9555
9555
9556
9558
9558
9559
9562
9564
9566
9567
9568
9569
9569
9569
9572
9575
9575
9576
9581
9584
9585
9585
9586
9586
9588
9589
9589
9589
9591
9591
9592
9592
9594
9595
9595
9596
9597
9598
9599
9599
9599
9599
9599
9600
9600
9601
9605
9605
9605
9607
9607
9608
9610
9610
9613
9614
9616
9616
9616
9616
9617
9619
9619
9619
9620
9621
9622
9623
9624
9625
9625
9626
9627
9628
9628
9630
9630
9630
9630
9630
9631
9631
9632
9632
9634
9636
9636
9637
9637
9639
9642
9642
9646
9648
9648
9648
9649
9653
9654
9655
9656
9658
9659
9659
9660
9661
9670
9675
9676
9677
9677
9677
9679
9679
9679
9680
9681
9685
9686
9688
9689
9690
9690
9692
9692
9693
9693
9695
9695
9699
9699
9700
9701
9701
9702
9703
9704
9705
9705
9706
9706
9707
9707
9707
9708
9708
9708
9710
9711
9711
9712
9712
9712
9713
9715
9715
9715
9715
9718
9719
9720
9721
9724
9725
9727
9732
9732
9733
9733
9735
9736
9737
9737
9737
9738
9738
9739
9740
9745
9745
9745
9746
9746
9747
9747
9747
9748
9748
9750
9752
9753
9753
9753
9753
9754
9754
9754
9756
9756
9759
9760
9760
9764
9765
9765
9768
9768
9768
9769
9771
9772
9773
9776
9777
9778
9779
9780
9780
9782
9783
9787
9787
9788
9788
9789
9790
9790
9790
9794
9794
9794
9794
9795
9796
9796
9798
9798
9800
9802
9803
9803
9806
9806
9808
9810
9810
9811
9812
9812
9813
9814
9815
9815
9815
9816
9816
9817
9817
9818
9820
9820
9821
9824
9824
9824
9825
9826
9826
9827
9828
9828
9831
9832
9835
9838
9838
9838
9839
9841
9842
9843
9843
9845
9846
9851
9851
9852
9852
9853
9854
9856
9856
9857
9858
9858
9858
9860
9862
9862
9863
9864
9865
9867
9867
9867
9867
9868
9869
9870
9871
9871
9871
9871
9871
9872
9875
9875
9875
9877
9878
9878
9883
9883
9884
9885
9887
9888
9889
9890
9891
9891
9891
9892
9893
9894
9895
9897
9897
9900
9900
9900
9901
9903
9903
9904
9906
9907
9909
9910
9911
9912
9913
9913
9913
9916
9916
9916
9917
9918
9918
9919
9919
9920
9920
9921
9922
9922
9924
9925
9925
9927
9929
9929
9931
9931
9931
9932
9933
9934
9940
9941
9942
9943
9944
9945
9945
9945
9947
9947
9947
9947
9948
9950
9950
9950
9950
9954
9955
9955
9956
9957
9957
9958
9958
9958
9958
9959
9960
9963
9963
9964
9964
9965
9966
9966
9966
9968
9969
9969
9971
9971
9972
9972
9972
9973
9975
9975
9978
9979
9979
9980
9983
9983
9984
9984
9984
9984
9986
9986
9987
9988
9989
9991
9992
9994
9994
9995
9996
9996
9996
9997
9997
9998
9999
