0
23
32
67
92
97
99
112
116
121
125
128
132
132
134
148
158
159
176
187
195
198
202
204
220
237
242
242
264
269
274
284
286
293
298
299
303
307
323
333
342
347
350
367
371
379
385
397
406
410
418
422
422
423
428
461
464
477
478
484
484
494
495
504
508
520
529
548
559
559
560
561
575
598
599
607
608
609
623
639
647
652
653
654
655
662
672
683
696
730
735
758
767
771
804
804
813
827
834
847
854
856
870
884
884
886
886
913
916
932
935
940
975
976
1009
1035
1037
1048
1051
1055
1055
1060
1064
1072
1074
1091
1108
1112
1113
1122
1132
1145
1160
1164
1174
1195
1201
1208
1209
1210
1222
1246
1254
1257
1259
1264
1274
1279
1295
1306
1307
1314
1316
1330
1333
1339
1357
1364
1367
1404
1409
1423
1440
1441
1448
1474
1478
1496
1499
1499
1507
1528
1548
1554
1558
1559
1564
1565
1567
1569
1574
1589
1596
1597
1609
1612
1626
1636
1658
1663
1675
1683
1691
1708
1718
1720
1734
1742
1757
1767
1767
1779
1781
1782
1786
1799
1845
1870
1886
1902
1911
1919
1928
1933
1944
1945
1956
1967
1983
2015
2022
2029
2047
2063
2063
2067
2071
2082
2083
2088
2096
2099
2100
2114
2116
2120
2120
2123
2123
2136
2147
2150
2155
2168
2212
2226
2256
2260
2267
2277
2280
2281
2294
2302
2305
2310
2317
2341
2372
2372
2390
2394
2397
2405
2410
2412
2423
2428
2436
2448
2450
2458
2475
2486
2492
2502
2524
2529
2543
2544
2554
2587
2589
2592
2637
2642
2651
2660
2668
2674
2679
2680
2685
2687
2689
2689
2716
2723
2728
2741
2748
2787
2822
2841
2854
2877
2889
2931
2939
2950
2953
2969
2983
2984
2985
2988
2990
3008
3011
3037
3040
3063
3072
3097
3124
3129
3132
3138
3150
3173
3179
3200
3206
3211
3222
3226
3228
3245
3247
3248
3252
3267
3273
3281
3286
3304
3332
3334
3375
3400
3427
3434
3441
3448
3501
3521
3529
3535
3540
3543
3565
3569
3578
3580
3586
3618
3633
3642
3666
3679
3689
3689
3705
3710
3719
3730
3746
3754
3768
3778
3788
3801
3805
3814
3828
3839
3841
3845
3862
3871
3872
3902
3920
3932
3934
3934
3949
3951
3957
3959
3981
3983
3995
4005
4048
4054
4054
4056
4060
4060
4072
4077
4097
4098
4124
4133
4152
4168
4170
4181
4199
4204
4211
4217
4225
4238
4243
4245
4256
4267
4272
4287
4302
4318
4318
4338
4340
4341
4356
4364
4368
4372
4392
4397
4403
4439
4440
4440
4447
4451
4463
4471
4471
4472
4482
4501
4504
4516
4519
4525
4544
4552
4606
4622
4630
4635
4639
4651
4652
4660
4670
4671
4677
4677
4677
4704
4724
4727
4744
4751
4759
4760
4768
4789
4791
4805
4812
4816
4828
4846
4849
4850
4860
4866
4874
4877
4879
4882
4885
4901
4929
4957
4963
4963
4967
4974
4975
4980
4981
4986
4986
5007
5013
5013
5015
5017
5023
5069
5075
5076
5077
5082
5090
5095
5100
5101
5105
5134
5135
5136
5149
5155
5181
5184
5185
5186
5191
5205
5247
5256
5261
5267
5268
5268
5270
5275
5276
5278
5289
5291
5298
5302
5315
5316
5335
5339
5397
5404
5447
5449
5454
5464
5486
5493
5519
5529
5575
5584
5585
5606
5615
5618
5628
5630
5638
5651
5662
5665
5674
5683
5735
5738
5740
5741
5748
5751
5756
5758
5767
5780
5789
5811
5820
5822
5867
5871
5879
5925
5937
5944
5970
5982
5983
5991
6006
6011
6013
6045
6049
6059
6068
6070
6070
6074
6096
6104
6109
6112
6114
6115
6123
6126
6139
6145
6153
6159
6163
6178
6186
6187
6190
6204
6217
6233
6238
6258
6258
6264
6269
6275
6277
6290
6297
6306
6370
6388
6409
6419
6421
6425
6453
6463
6475
6509
6531
6532
6533
6542
6554
6557
6577
6584
6594
6618
6636
6639
6640
6645
6649
6651
6668
6671
6681
6690
6707
6727
6728
6745
6771
6786
6791
6794
6828
6855
6904
6930
6930
6933
6937
6940
6944
6946
6951
6976
6985
6989
7008
7014
7015
7023
7039
7055
7060
7066
7069
7071
7073
7112
7115
7115
7127
7133
7133
7155
7170
7171
7172
7184
7186
7193
7194
7198
7198
7209
7240
7249
7259
7262
7279
7280
7293
7305
7323
7338
7376
7393
7399
7409
7412
7413
7416
7422
7425
7430
7454
7464
7466
7467
7473
7503
7507
7511
7528
7543
7544
7544
7545
7564
7581
7583
7584
7592
7603
7623
7631
7635
7652
7662
7666
7672
7685
7700
7702
7719
7729
7744
7745
7747
7775
7778
7805
7819
7832
7847
7847
7850
7852
7856
7868
7882
7883
7886
7891
7919
7922
7953
7976
7986
8007
8043
8049
8065
8068
8075
8079
8098
8105
8110
8127
8135
8140
8144
8148
8154
8162
8184
8185
8193
8194
8198
8200
8207
8209
8219
8221
8227
8233
8235
8244
8250
8259
8264
8273
8274
8274
8304
8311
8333
8353
8378
8398
8409
8416
8443
8461
8477
8487
8492
8497
8499
8506
8512
8526
8536
8536
8551
8553
8559
8563
8566
8578
8579
8579
8583
8591
8611
8617
8617
8624
8634
8641
8655
8690
8692
8703
8704
8705
8707
8759
8765
8767
8781
8791
8798
8809
8837
8839
8865
8888
8912
8916
8929
8947
8953
8972
8979
8979
8979
8980
8997
9001
9004
9029
9038
9041
9057
9070
9109
9113
9119
9121
9124
9125
9131
9160
9173
9178
9181
9194
9214
9237
9247
9248
9254
9257
9290
9296
9301
9330
9338
9348
9352
9363
9366
9390
9394
9394
9402
9423
9424
9431
9435
9440
9440
9440
9451
9452
9459
9468
9475
9481
9485
9485
9490
9493
9494
9496
9512
9522
9531
9564
9620
9636
9681
9695
9707
9708
9721
9737
9740
9765
9771
9788
9790
9790
9803
9806
9858
9862
9865
9867
9871
9891
9909
9916
9919
9921
9929
9931
9954
9959
9963
9966
9969
9972
9980
9983
9984
9986
9997
